
PLEASE,	install	your own Overpass API instance if you plan to run these	queries, because they consume _a lot_ of memory and time resources. Installation instructions: http://overpass-api.de/full_installation.html. 

Get unclassified highways and their nodes on the worked area starting from the mapathon start time (14.10.2016 at 16:00 Finnish time) to end of the day (in Finnish time):
// In lat,lng pairs and without the last being same as the first

[out:json][diff:"2016-10-14T13:00:00Z","2016-10-14T21:00:00Z"];
(
way["highway"="unclassified"](poly:"-1.08208898751 34.4091796813 -1.07659679811 34.4091796813 -1.07659679811 34.4036865173 -1.07110459882 34.4036865173 -1.07110459882 34.3981933532 -1.06561238969 34.3981933532 -1.06561238969 34.3872070251 -1.06012017076 34.3872070251 -1.06012017076 34.381713861 -1.05462794209 34.381713861 -1.05462794209 34.376220697 -1.0216743683 34.376220697 -1.0216743683 34.381713861 -1.01618207285 34.381713861 -1.01618207285 34.3542480407 -1.01068976806 34.3542480407 -1.01068976806 34.3432617126 -1.00519745398 34.3432617126 -1.00519745398 34.3322753845 -0.994212798158 34.3322753845 -0.994212798158 34.3377685485 -0.988720456517 34.3377685485 -0.988720456517 34.3432617126 -0.98322810579 34.3432617126 -0.98322810579 34.3542480407 -0.972243377277 34.3542480407 -0.972243377277 34.3597412048 -0.977735746026 34.3597412048 -0.977735746026 34.3707275329 -0.98322810579 34.3707275329 -0.98322810579 34.376220697 -0.988720456517 34.376220697 -0.988720456517 34.3927001892 -0.994212798158 34.3927001892 -0.994212798158 34.3981933532 -0.999705130663 34.3981933532 -0.999705130663 34.4036865173 -0.994212798158 34.4036865173 -0.994212798158 34.4421386657 -0.999705130663 34.4421386657 -0.999705130663 34.464111322 -1.00519745398 34.464111322 -1.00519745398 34.4750976501 -1.01068976806 34.4750976501 -1.01068976806 34.4970703063 -1.01618207285 34.4970703063 -1.01618207285 34.5080566344 -1.0216743683 34.5080566344 -1.0216743683 34.5135497985 -1.02716665437 34.5135497985 -1.02716665437 34.5245361266 -1.03265893099 34.5245361266 -1.03265893099 34.5300292907 -1.03815119813 34.5300292907 -1.03815119813 34.5465087829 -1.04364345572 34.5465087829 -1.04364345572 34.557495111 -1.04913570372 34.557495111 -1.04913570372 34.5739746032 -1.05462794209 34.5739746032 -1.05462794209 34.5684814391 -1.06012017076 34.5684814391 -1.06012017076 34.5794677672 -1.06561238969 34.5794677672 -1.06561238969 34.5959472594 -1.04913570372 34.5959472594 -1.04913570372 34.6014404235 -1.05462794209 34.6014404235 -1.05462794209 34.6069335876 -1.06012017076 34.6069335876 -1.06012017076 34.6124267516 -1.06561238969 34.6124267516 -1.06561238969 34.6179199157 -1.07110459882 34.6179199157 -1.07110459882 34.6234130797 -1.08208898751 34.6234130797 -1.08208898751 34.6179199157 -1.09307333643 34.6179199157 -1.09307333643 34.6234130797 -1.10405764516 34.6234130797 -1.10405764516 34.6289062438 -1.10954978434 34.6289062438 -1.10954978434 34.6234130797 -1.11504191332 34.6234130797 -1.11504191332 34.6289062438 -1.12053403205 34.6289062438 -1.12053403205 34.6343994079 -1.15348652644 34.6343994079 -1.15348652644 34.6289062438 -1.15897857203 34.6289062438 -1.15897857203 34.6124267516 -1.15348652644 34.6124267516 -1.15348652644 34.6069335876 -1.14799447024 34.6069335876 -1.14799447024 34.6014404235 -1.13701032626 34.6014404235 -1.13701032626 34.5959472594 -1.13151823857 34.5959472594 -1.13151823857 34.6014404235 -1.10405764516 34.6014404235 -1.10405764516 34.5849609313 -1.10954978434 34.5849609313 -1.10954978434 34.5629882751 -1.10405764516 34.5629882751 -1.10405764516 34.5520019469 -1.10954978434 34.5520019469 -1.10954978434 34.5410156188 -1.11504191332 34.5410156188 -1.11504191332 34.5355224548 -1.10954978434 34.5355224548 -1.10954978434 34.5135497985 -1.11504191332 34.5135497985 -1.11504191332 34.5080566344 -1.10954978434 34.5080566344 -1.10954978434 34.4860839782 -1.10405764516 34.4860839782 -1.10405764516 34.4805908141 -1.09856549584 34.4805908141 -1.09856549584 34.469604486 -1.07110459882 34.469604486 -1.07110459882 34.464111322 -1.06012017076 34.464111322 -1.06012017076 34.4531249938 -1.05462794209 34.4531249938 -1.05462794209 34.4476318298 -1.06012017076 34.4476318298 -1.06012017076 34.4421386657 -1.07659679811 34.4421386657 -1.07659679811 34.4146728454 -1.08208898751 34.4146728454");
);
out body;
>;
out skel qt;

[out:json][diff:"2016-10-14T13:00:00Z","2016-10-14T21:00:00Z"];
(
way["highway"="unclassified"](poly:"-1.08208898751 34.4091796813 -1.07659679811 34.4091796813 -1.07659679811 34.4036865173 -1.07110459882 34.4036865173 -1.07110459882 34.3981933532 -1.06561238969 34.3981933532 -1.06561238969 34.3872070251 -1.06012017076 34.3872070251 -1.06012017076 34.381713861 -1.05462794209 34.381713861 -1.05462794209 34.376220697 -1.0216743683 34.376220697 -1.0216743683 34.381713861 -1.01618207285 34.381713861 -1.01618207285 34.3542480407 -1.01068976806 34.3542480407 -1.01068976806 34.3432617126 -1.00519745398 34.3432617126 -1.00519745398 34.3322753845 -0.994212798158 34.3322753845 -0.994212798158 34.3377685485 -0.988720456517 34.3377685485 -0.988720456517 34.3432617126 -0.98322810579 34.3432617126 -0.98322810579 34.3542480407 -0.972243377277 34.3542480407 -0.972243377277 34.3597412048 -0.977735746026 34.3597412048 -0.977735746026 34.3707275329 -0.98322810579 34.3707275329 -0.98322810579 34.376220697 -0.988720456517 34.376220697 -0.988720456517 34.3927001892 -0.994212798158 34.3927001892 -0.994212798158 34.3981933532 -0.999705130663 34.3981933532 -0.999705130663 34.4036865173 -0.994212798158 34.4036865173 -0.994212798158 34.4421386657 -0.999705130663 34.4421386657 -0.999705130663 34.464111322 -1.00519745398 34.464111322 -1.00519745398 34.4750976501 -1.01068976806 34.4750976501 -1.01068976806 34.4970703063 -1.01618207285 34.4970703063 -1.01618207285 34.5080566344 -1.0216743683 34.5080566344 -1.0216743683 34.5135497985 -1.02716665437 34.5135497985 -1.02716665437 34.5245361266 -1.03265893099 34.5245361266 -1.03265893099 34.5300292907 -1.03815119813 34.5300292907 -1.03815119813 34.5465087829 -1.04364345572 34.5465087829 -1.04364345572 34.557495111 -1.04913570372 34.557495111 -1.04913570372 34.5739746032 -1.05462794209 34.5739746032 -1.05462794209 34.5684814391 -1.06012017076 34.5684814391 -1.06012017076 34.5794677672 -1.06561238969 34.5794677672 -1.06561238969 34.5959472594 -1.04913570372 34.5959472594 -1.04913570372 34.6014404235 -1.05462794209 34.6014404235 -1.05462794209 34.6069335876 -1.06012017076 34.6069335876 -1.06012017076 34.6124267516 -1.06561238969 34.6124267516 -1.06561238969 34.6179199157 -1.07110459882 34.6179199157 -1.07110459882 34.6234130797 -1.08208898751 34.6234130797 -1.08208898751 34.6179199157 -1.09307333643 34.6179199157 -1.09307333643 34.6234130797 -1.10405764516 34.6234130797 -1.10405764516 34.6289062438 -1.10954978434 34.6289062438 -1.10954978434 34.6234130797 -1.11504191332 34.6234130797 -1.11504191332 34.6289062438 -1.12053403205 34.6289062438 -1.12053403205 34.6343994079 -1.15348652644 34.6343994079 -1.15348652644 34.6289062438 -1.15897857203 34.6289062438 -1.15897857203 34.6124267516 -1.15348652644 34.6124267516 -1.15348652644 34.6069335876 -1.14799447024 34.6069335876 -1.14799447024 34.6014404235 -1.13701032626 34.6014404235 -1.13701032626 34.5959472594 -1.13151823857 34.5959472594 -1.13151823857 34.6014404235 -1.10405764516 34.6014404235 -1.10405764516 34.5849609313 -1.10954978434 34.5849609313 -1.10954978434 34.5629882751 -1.10405764516 34.5629882751 -1.10405764516 34.5520019469 -1.10954978434 34.5520019469 -1.10954978434 34.5410156188 -1.11504191332 34.5410156188 -1.11504191332 34.5355224548 -1.10954978434 34.5355224548 -1.10954978434 34.5135497985 -1.11504191332 34.5135497985 -1.11504191332 34.5080566344 -1.10954978434 34.5080566344 -1.10954978434 34.4860839782 -1.10405764516 34.4860839782 -1.10405764516 34.4805908141 -1.09856549584 34.4805908141 -1.09856549584 34.469604486 -1.07110459882 34.469604486 -1.07110459882 34.464111322 -1.06012017076 34.464111322 -1.06012017076 34.4531249938 -1.05462794209 34.4531249938 -1.05462794209 34.4476318298 -1.06012017076 34.4476318298 -1.06012017076 34.4421386657 -1.07659679811 34.4421386657 -1.07659679811 34.4146728454 -1.08208898751 34.4146728454");
);
out meta;


[out:json][diff:"2016-10-14T13:00:00Z","2016-10-14T21:00:00Z"];
(
way["building"="yes"](poly:"-1.08208898751 34.4091796813 -1.07659679811 34.4091796813 -1.07659679811 34.4036865173 -1.07110459882 34.4036865173 -1.07110459882 34.3981933532 -1.06561238969 34.3981933532 -1.06561238969 34.3872070251 -1.06012017076 34.3872070251 -1.06012017076 34.381713861 -1.05462794209 34.381713861 -1.05462794209 34.376220697 -1.0216743683 34.376220697 -1.0216743683 34.381713861 -1.01618207285 34.381713861 -1.01618207285 34.3542480407 -1.01068976806 34.3542480407 -1.01068976806 34.3432617126 -1.00519745398 34.3432617126 -1.00519745398 34.3322753845 -0.994212798158 34.3322753845 -0.994212798158 34.3377685485 -0.988720456517 34.3377685485 -0.988720456517 34.3432617126 -0.98322810579 34.3432617126 -0.98322810579 34.3542480407 -0.972243377277 34.3542480407 -0.972243377277 34.3597412048 -0.977735746026 34.3597412048 -0.977735746026 34.3707275329 -0.98322810579 34.3707275329 -0.98322810579 34.376220697 -0.988720456517 34.376220697 -0.988720456517 34.3927001892 -0.994212798158 34.3927001892 -0.994212798158 34.3981933532 -0.999705130663 34.3981933532 -0.999705130663 34.4036865173 -0.994212798158 34.4036865173 -0.994212798158 34.4421386657 -0.999705130663 34.4421386657 -0.999705130663 34.464111322 -1.00519745398 34.464111322 -1.00519745398 34.4750976501 -1.01068976806 34.4750976501 -1.01068976806 34.4970703063 -1.01618207285 34.4970703063 -1.01618207285 34.5080566344 -1.0216743683 34.5080566344 -1.0216743683 34.5135497985 -1.02716665437 34.5135497985 -1.02716665437 34.5245361266 -1.03265893099 34.5245361266 -1.03265893099 34.5300292907 -1.03815119813 34.5300292907 -1.03815119813 34.5465087829 -1.04364345572 34.5465087829 -1.04364345572 34.557495111 -1.04913570372 34.557495111 -1.04913570372 34.5739746032 -1.05462794209 34.5739746032 -1.05462794209 34.5684814391 -1.06012017076 34.5684814391 -1.06012017076 34.5794677672 -1.06561238969 34.5794677672 -1.06561238969 34.5959472594 -1.04913570372 34.5959472594 -1.04913570372 34.6014404235 -1.05462794209 34.6014404235 -1.05462794209 34.6069335876 -1.06012017076 34.6069335876 -1.06012017076 34.6124267516 -1.06561238969 34.6124267516 -1.06561238969 34.6179199157 -1.07110459882 34.6179199157 -1.07110459882 34.6234130797 -1.08208898751 34.6234130797 -1.08208898751 34.6179199157 -1.09307333643 34.6179199157 -1.09307333643 34.6234130797 -1.10405764516 34.6234130797 -1.10405764516 34.6289062438 -1.10954978434 34.6289062438 -1.10954978434 34.6234130797 -1.11504191332 34.6234130797 -1.11504191332 34.6289062438 -1.12053403205 34.6289062438 -1.12053403205 34.6343994079 -1.15348652644 34.6343994079 -1.15348652644 34.6289062438 -1.15897857203 34.6289062438 -1.15897857203 34.6124267516 -1.15348652644 34.6124267516 -1.15348652644 34.6069335876 -1.14799447024 34.6069335876 -1.14799447024 34.6014404235 -1.13701032626 34.6014404235 -1.13701032626 34.5959472594 -1.13151823857 34.5959472594 -1.13151823857 34.6014404235 -1.10405764516 34.6014404235 -1.10405764516 34.5849609313 -1.10954978434 34.5849609313 -1.10954978434 34.5629882751 -1.10405764516 34.5629882751 -1.10405764516 34.5520019469 -1.10954978434 34.5520019469 -1.10954978434 34.5410156188 -1.11504191332 34.5410156188 -1.11504191332 34.5355224548 -1.10954978434 34.5355224548 -1.10954978434 34.5135497985 -1.11504191332 34.5135497985 -1.11504191332 34.5080566344 -1.10954978434 34.5080566344 -1.10954978434 34.4860839782 -1.10405764516 34.4860839782 -1.10405764516 34.4805908141 -1.09856549584 34.4805908141 -1.09856549584 34.469604486 -1.07110459882 34.469604486 -1.07110459882 34.464111322 -1.06012017076 34.464111322 -1.06012017076 34.4531249938 -1.05462794209 34.4531249938 -1.05462794209 34.4476318298 -1.06012017076 34.4476318298 -1.06012017076 34.4421386657 -1.07659679811 34.4421386657 -1.07659679811 34.4146728454 -1.08208898751 34.4146728454");
);
out body;
>;
out skel qt;

[out:json][diff:"2016-10-14T13:00:00Z","2016-10-14T21:00:00Z"];
(
way["building"="yes"](poly:"-1.08208898751 34.4091796813 -1.07659679811 34.4091796813 -1.07659679811 34.4036865173 -1.07110459882 34.4036865173 -1.07110459882 34.3981933532 -1.06561238969 34.3981933532 -1.06561238969 34.3872070251 -1.06012017076 34.3872070251 -1.06012017076 34.381713861 -1.05462794209 34.381713861 -1.05462794209 34.376220697 -1.0216743683 34.376220697 -1.0216743683 34.381713861 -1.01618207285 34.381713861 -1.01618207285 34.3542480407 -1.01068976806 34.3542480407 -1.01068976806 34.3432617126 -1.00519745398 34.3432617126 -1.00519745398 34.3322753845 -0.994212798158 34.3322753845 -0.994212798158 34.3377685485 -0.988720456517 34.3377685485 -0.988720456517 34.3432617126 -0.98322810579 34.3432617126 -0.98322810579 34.3542480407 -0.972243377277 34.3542480407 -0.972243377277 34.3597412048 -0.977735746026 34.3597412048 -0.977735746026 34.3707275329 -0.98322810579 34.3707275329 -0.98322810579 34.376220697 -0.988720456517 34.376220697 -0.988720456517 34.3927001892 -0.994212798158 34.3927001892 -0.994212798158 34.3981933532 -0.999705130663 34.3981933532 -0.999705130663 34.4036865173 -0.994212798158 34.4036865173 -0.994212798158 34.4421386657 -0.999705130663 34.4421386657 -0.999705130663 34.464111322 -1.00519745398 34.464111322 -1.00519745398 34.4750976501 -1.01068976806 34.4750976501 -1.01068976806 34.4970703063 -1.01618207285 34.4970703063 -1.01618207285 34.5080566344 -1.0216743683 34.5080566344 -1.0216743683 34.5135497985 -1.02716665437 34.5135497985 -1.02716665437 34.5245361266 -1.03265893099 34.5245361266 -1.03265893099 34.5300292907 -1.03815119813 34.5300292907 -1.03815119813 34.5465087829 -1.04364345572 34.5465087829 -1.04364345572 34.557495111 -1.04913570372 34.557495111 -1.04913570372 34.5739746032 -1.05462794209 34.5739746032 -1.05462794209 34.5684814391 -1.06012017076 34.5684814391 -1.06012017076 34.5794677672 -1.06561238969 34.5794677672 -1.06561238969 34.5959472594 -1.04913570372 34.5959472594 -1.04913570372 34.6014404235 -1.05462794209 34.6014404235 -1.05462794209 34.6069335876 -1.06012017076 34.6069335876 -1.06012017076 34.6124267516 -1.06561238969 34.6124267516 -1.06561238969 34.6179199157 -1.07110459882 34.6179199157 -1.07110459882 34.6234130797 -1.08208898751 34.6234130797 -1.08208898751 34.6179199157 -1.09307333643 34.6179199157 -1.09307333643 34.6234130797 -1.10405764516 34.6234130797 -1.10405764516 34.6289062438 -1.10954978434 34.6289062438 -1.10954978434 34.6234130797 -1.11504191332 34.6234130797 -1.11504191332 34.6289062438 -1.12053403205 34.6289062438 -1.12053403205 34.6343994079 -1.15348652644 34.6343994079 -1.15348652644 34.6289062438 -1.15897857203 34.6289062438 -1.15897857203 34.6124267516 -1.15348652644 34.6124267516 -1.15348652644 34.6069335876 -1.14799447024 34.6069335876 -1.14799447024 34.6014404235 -1.13701032626 34.6014404235 -1.13701032626 34.5959472594 -1.13151823857 34.5959472594 -1.13151823857 34.6014404235 -1.10405764516 34.6014404235 -1.10405764516 34.5849609313 -1.10954978434 34.5849609313 -1.10954978434 34.5629882751 -1.10405764516 34.5629882751 -1.10405764516 34.5520019469 -1.10954978434 34.5520019469 -1.10954978434 34.5410156188 -1.11504191332 34.5410156188 -1.11504191332 34.5355224548 -1.10954978434 34.5355224548 -1.10954978434 34.5135497985 -1.11504191332 34.5135497985 -1.11504191332 34.5080566344 -1.10954978434 34.5080566344 -1.10954978434 34.4860839782 -1.10405764516 34.4860839782 -1.10405764516 34.4805908141 -1.09856549584 34.4805908141 -1.09856549584 34.469604486 -1.07110459882 34.469604486 -1.07110459882 34.464111322 -1.06012017076 34.464111322 -1.06012017076 34.4531249938 -1.05462794209 34.4531249938 -1.05462794209 34.4476318298 -1.06012017076 34.4476318298 -1.06012017076 34.4421386657 -1.07659679811 34.4421386657 -1.07659679811 34.4146728454 -1.08208898751 34.4146728454");
);
out meta;


[out:json][diff:"2016-10-14T13:00:00Z","2016-10-14T21:00:00Z"];
(
way["highway"="primary"](poly:"-1.08208898751 34.4091796813 -1.07659679811 34.4091796813 -1.07659679811 34.4036865173 -1.07110459882 34.4036865173 -1.07110459882 34.3981933532 -1.06561238969 34.3981933532 -1.06561238969 34.3872070251 -1.06012017076 34.3872070251 -1.06012017076 34.381713861 -1.05462794209 34.381713861 -1.05462794209 34.376220697 -1.0216743683 34.376220697 -1.0216743683 34.381713861 -1.01618207285 34.381713861 -1.01618207285 34.3542480407 -1.01068976806 34.3542480407 -1.01068976806 34.3432617126 -1.00519745398 34.3432617126 -1.00519745398 34.3322753845 -0.994212798158 34.3322753845 -0.994212798158 34.3377685485 -0.988720456517 34.3377685485 -0.988720456517 34.3432617126 -0.98322810579 34.3432617126 -0.98322810579 34.3542480407 -0.972243377277 34.3542480407 -0.972243377277 34.3597412048 -0.977735746026 34.3597412048 -0.977735746026 34.3707275329 -0.98322810579 34.3707275329 -0.98322810579 34.376220697 -0.988720456517 34.376220697 -0.988720456517 34.3927001892 -0.994212798158 34.3927001892 -0.994212798158 34.3981933532 -0.999705130663 34.3981933532 -0.999705130663 34.4036865173 -0.994212798158 34.4036865173 -0.994212798158 34.4421386657 -0.999705130663 34.4421386657 -0.999705130663 34.464111322 -1.00519745398 34.464111322 -1.00519745398 34.4750976501 -1.01068976806 34.4750976501 -1.01068976806 34.4970703063 -1.01618207285 34.4970703063 -1.01618207285 34.5080566344 -1.0216743683 34.5080566344 -1.0216743683 34.5135497985 -1.02716665437 34.5135497985 -1.02716665437 34.5245361266 -1.03265893099 34.5245361266 -1.03265893099 34.5300292907 -1.03815119813 34.5300292907 -1.03815119813 34.5465087829 -1.04364345572 34.5465087829 -1.04364345572 34.557495111 -1.04913570372 34.557495111 -1.04913570372 34.5739746032 -1.05462794209 34.5739746032 -1.05462794209 34.5684814391 -1.06012017076 34.5684814391 -1.06012017076 34.5794677672 -1.06561238969 34.5794677672 -1.06561238969 34.5959472594 -1.04913570372 34.5959472594 -1.04913570372 34.6014404235 -1.05462794209 34.6014404235 -1.05462794209 34.6069335876 -1.06012017076 34.6069335876 -1.06012017076 34.6124267516 -1.06561238969 34.6124267516 -1.06561238969 34.6179199157 -1.07110459882 34.6179199157 -1.07110459882 34.6234130797 -1.08208898751 34.6234130797 -1.08208898751 34.6179199157 -1.09307333643 34.6179199157 -1.09307333643 34.6234130797 -1.10405764516 34.6234130797 -1.10405764516 34.6289062438 -1.10954978434 34.6289062438 -1.10954978434 34.6234130797 -1.11504191332 34.6234130797 -1.11504191332 34.6289062438 -1.12053403205 34.6289062438 -1.12053403205 34.6343994079 -1.15348652644 34.6343994079 -1.15348652644 34.6289062438 -1.15897857203 34.6289062438 -1.15897857203 34.6124267516 -1.15348652644 34.6124267516 -1.15348652644 34.6069335876 -1.14799447024 34.6069335876 -1.14799447024 34.6014404235 -1.13701032626 34.6014404235 -1.13701032626 34.5959472594 -1.13151823857 34.5959472594 -1.13151823857 34.6014404235 -1.10405764516 34.6014404235 -1.10405764516 34.5849609313 -1.10954978434 34.5849609313 -1.10954978434 34.5629882751 -1.10405764516 34.5629882751 -1.10405764516 34.5520019469 -1.10954978434 34.5520019469 -1.10954978434 34.5410156188 -1.11504191332 34.5410156188 -1.11504191332 34.5355224548 -1.10954978434 34.5355224548 -1.10954978434 34.5135497985 -1.11504191332 34.5135497985 -1.11504191332 34.5080566344 -1.10954978434 34.5080566344 -1.10954978434 34.4860839782 -1.10405764516 34.4860839782 -1.10405764516 34.4805908141 -1.09856549584 34.4805908141 -1.09856549584 34.469604486 -1.07110459882 34.469604486 -1.07110459882 34.464111322 -1.06012017076 34.464111322 -1.06012017076 34.4531249938 -1.05462794209 34.4531249938 -1.05462794209 34.4476318298 -1.06012017076 34.4476318298 -1.06012017076 34.4421386657 -1.07659679811 34.4421386657 -1.07659679811 34.4146728454 -1.08208898751 34.4146728454");
);
out body;
>;
out skel qt;


[out:json][diff:"2016-10-14T13:00:00Z","2016-10-14T21:00:00Z"];
(
way["highway"="primary"](poly:"-1.08208898751 34.4091796813 -1.07659679811 34.4091796813 -1.07659679811 34.4036865173 -1.07110459882 34.4036865173 -1.07110459882 34.3981933532 -1.06561238969 34.3981933532 -1.06561238969 34.3872070251 -1.06012017076 34.3872070251 -1.06012017076 34.381713861 -1.05462794209 34.381713861 -1.05462794209 34.376220697 -1.0216743683 34.376220697 -1.0216743683 34.381713861 -1.01618207285 34.381713861 -1.01618207285 34.3542480407 -1.01068976806 34.3542480407 -1.01068976806 34.3432617126 -1.00519745398 34.3432617126 -1.00519745398 34.3322753845 -0.994212798158 34.3322753845 -0.994212798158 34.3377685485 -0.988720456517 34.3377685485 -0.988720456517 34.3432617126 -0.98322810579 34.3432617126 -0.98322810579 34.3542480407 -0.972243377277 34.3542480407 -0.972243377277 34.3597412048 -0.977735746026 34.3597412048 -0.977735746026 34.3707275329 -0.98322810579 34.3707275329 -0.98322810579 34.376220697 -0.988720456517 34.376220697 -0.988720456517 34.3927001892 -0.994212798158 34.3927001892 -0.994212798158 34.3981933532 -0.999705130663 34.3981933532 -0.999705130663 34.4036865173 -0.994212798158 34.4036865173 -0.994212798158 34.4421386657 -0.999705130663 34.4421386657 -0.999705130663 34.464111322 -1.00519745398 34.464111322 -1.00519745398 34.4750976501 -1.01068976806 34.4750976501 -1.01068976806 34.4970703063 -1.01618207285 34.4970703063 -1.01618207285 34.5080566344 -1.0216743683 34.5080566344 -1.0216743683 34.5135497985 -1.02716665437 34.5135497985 -1.02716665437 34.5245361266 -1.03265893099 34.5245361266 -1.03265893099 34.5300292907 -1.03815119813 34.5300292907 -1.03815119813 34.5465087829 -1.04364345572 34.5465087829 -1.04364345572 34.557495111 -1.04913570372 34.557495111 -1.04913570372 34.5739746032 -1.05462794209 34.5739746032 -1.05462794209 34.5684814391 -1.06012017076 34.5684814391 -1.06012017076 34.5794677672 -1.06561238969 34.5794677672 -1.06561238969 34.5959472594 -1.04913570372 34.5959472594 -1.04913570372 34.6014404235 -1.05462794209 34.6014404235 -1.05462794209 34.6069335876 -1.06012017076 34.6069335876 -1.06012017076 34.6124267516 -1.06561238969 34.6124267516 -1.06561238969 34.6179199157 -1.07110459882 34.6179199157 -1.07110459882 34.6234130797 -1.08208898751 34.6234130797 -1.08208898751 34.6179199157 -1.09307333643 34.6179199157 -1.09307333643 34.6234130797 -1.10405764516 34.6234130797 -1.10405764516 34.6289062438 -1.10954978434 34.6289062438 -1.10954978434 34.6234130797 -1.11504191332 34.6234130797 -1.11504191332 34.6289062438 -1.12053403205 34.6289062438 -1.12053403205 34.6343994079 -1.15348652644 34.6343994079 -1.15348652644 34.6289062438 -1.15897857203 34.6289062438 -1.15897857203 34.6124267516 -1.15348652644 34.6124267516 -1.15348652644 34.6069335876 -1.14799447024 34.6069335876 -1.14799447024 34.6014404235 -1.13701032626 34.6014404235 -1.13701032626 34.5959472594 -1.13151823857 34.5959472594 -1.13151823857 34.6014404235 -1.10405764516 34.6014404235 -1.10405764516 34.5849609313 -1.10954978434 34.5849609313 -1.10954978434 34.5629882751 -1.10405764516 34.5629882751 -1.10405764516 34.5520019469 -1.10954978434 34.5520019469 -1.10954978434 34.5410156188 -1.11504191332 34.5410156188 -1.11504191332 34.5355224548 -1.10954978434 34.5355224548 -1.10954978434 34.5135497985 -1.11504191332 34.5135497985 -1.11504191332 34.5080566344 -1.10954978434 34.5080566344 -1.10954978434 34.4860839782 -1.10405764516 34.4860839782 -1.10405764516 34.4805908141 -1.09856549584 34.4805908141 -1.09856549584 34.469604486 -1.07110459882 34.469604486 -1.07110459882 34.464111322 -1.06012017076 34.464111322 -1.06012017076 34.4531249938 -1.05462794209 34.4531249938 -1.05462794209 34.4476318298 -1.06012017076 34.4476318298 -1.06012017076 34.4421386657 -1.07659679811 34.4421386657 -1.07659679811 34.4146728454 -1.08208898751 34.4146728454");
);
out meta;


[out:json][diff:"2016-10-14T13:00:00Z","2016-10-14T21:00:00Z"];
(
way["highway"="secondary"](poly:"-1.08208898751 34.4091796813 -1.07659679811 34.4091796813 -1.07659679811 34.4036865173 -1.07110459882 34.4036865173 -1.07110459882 34.3981933532 -1.06561238969 34.3981933532 -1.06561238969 34.3872070251 -1.06012017076 34.3872070251 -1.06012017076 34.381713861 -1.05462794209 34.381713861 -1.05462794209 34.376220697 -1.0216743683 34.376220697 -1.0216743683 34.381713861 -1.01618207285 34.381713861 -1.01618207285 34.3542480407 -1.01068976806 34.3542480407 -1.01068976806 34.3432617126 -1.00519745398 34.3432617126 -1.00519745398 34.3322753845 -0.994212798158 34.3322753845 -0.994212798158 34.3377685485 -0.988720456517 34.3377685485 -0.988720456517 34.3432617126 -0.98322810579 34.3432617126 -0.98322810579 34.3542480407 -0.972243377277 34.3542480407 -0.972243377277 34.3597412048 -0.977735746026 34.3597412048 -0.977735746026 34.3707275329 -0.98322810579 34.3707275329 -0.98322810579 34.376220697 -0.988720456517 34.376220697 -0.988720456517 34.3927001892 -0.994212798158 34.3927001892 -0.994212798158 34.3981933532 -0.999705130663 34.3981933532 -0.999705130663 34.4036865173 -0.994212798158 34.4036865173 -0.994212798158 34.4421386657 -0.999705130663 34.4421386657 -0.999705130663 34.464111322 -1.00519745398 34.464111322 -1.00519745398 34.4750976501 -1.01068976806 34.4750976501 -1.01068976806 34.4970703063 -1.01618207285 34.4970703063 -1.01618207285 34.5080566344 -1.0216743683 34.5080566344 -1.0216743683 34.5135497985 -1.02716665437 34.5135497985 -1.02716665437 34.5245361266 -1.03265893099 34.5245361266 -1.03265893099 34.5300292907 -1.03815119813 34.5300292907 -1.03815119813 34.5465087829 -1.04364345572 34.5465087829 -1.04364345572 34.557495111 -1.04913570372 34.557495111 -1.04913570372 34.5739746032 -1.05462794209 34.5739746032 -1.05462794209 34.5684814391 -1.06012017076 34.5684814391 -1.06012017076 34.5794677672 -1.06561238969 34.5794677672 -1.06561238969 34.5959472594 -1.04913570372 34.5959472594 -1.04913570372 34.6014404235 -1.05462794209 34.6014404235 -1.05462794209 34.6069335876 -1.06012017076 34.6069335876 -1.06012017076 34.6124267516 -1.06561238969 34.6124267516 -1.06561238969 34.6179199157 -1.07110459882 34.6179199157 -1.07110459882 34.6234130797 -1.08208898751 34.6234130797 -1.08208898751 34.6179199157 -1.09307333643 34.6179199157 -1.09307333643 34.6234130797 -1.10405764516 34.6234130797 -1.10405764516 34.6289062438 -1.10954978434 34.6289062438 -1.10954978434 34.6234130797 -1.11504191332 34.6234130797 -1.11504191332 34.6289062438 -1.12053403205 34.6289062438 -1.12053403205 34.6343994079 -1.15348652644 34.6343994079 -1.15348652644 34.6289062438 -1.15897857203 34.6289062438 -1.15897857203 34.6124267516 -1.15348652644 34.6124267516 -1.15348652644 34.6069335876 -1.14799447024 34.6069335876 -1.14799447024 34.6014404235 -1.13701032626 34.6014404235 -1.13701032626 34.5959472594 -1.13151823857 34.5959472594 -1.13151823857 34.6014404235 -1.10405764516 34.6014404235 -1.10405764516 34.5849609313 -1.10954978434 34.5849609313 -1.10954978434 34.5629882751 -1.10405764516 34.5629882751 -1.10405764516 34.5520019469 -1.10954978434 34.5520019469 -1.10954978434 34.5410156188 -1.11504191332 34.5410156188 -1.11504191332 34.5355224548 -1.10954978434 34.5355224548 -1.10954978434 34.5135497985 -1.11504191332 34.5135497985 -1.11504191332 34.5080566344 -1.10954978434 34.5080566344 -1.10954978434 34.4860839782 -1.10405764516 34.4860839782 -1.10405764516 34.4805908141 -1.09856549584 34.4805908141 -1.09856549584 34.469604486 -1.07110459882 34.469604486 -1.07110459882 34.464111322 -1.06012017076 34.464111322 -1.06012017076 34.4531249938 -1.05462794209 34.4531249938 -1.05462794209 34.4476318298 -1.06012017076 34.4476318298 -1.06012017076 34.4421386657 -1.07659679811 34.4421386657 -1.07659679811 34.4146728454 -1.08208898751 34.4146728454");
);
out body;
>;
out skel qt;

[out:json][diff:"2016-10-14T13:00:00Z","2016-10-14T21:00:00Z"];
(
way["highway"="secondary"](poly:"-1.08208898751 34.4091796813 -1.07659679811 34.4091796813 -1.07659679811 34.4036865173 -1.07110459882 34.4036865173 -1.07110459882 34.3981933532 -1.06561238969 34.3981933532 -1.06561238969 34.3872070251 -1.06012017076 34.3872070251 -1.06012017076 34.381713861 -1.05462794209 34.381713861 -1.05462794209 34.376220697 -1.0216743683 34.376220697 -1.0216743683 34.381713861 -1.01618207285 34.381713861 -1.01618207285 34.3542480407 -1.01068976806 34.3542480407 -1.01068976806 34.3432617126 -1.00519745398 34.3432617126 -1.00519745398 34.3322753845 -0.994212798158 34.3322753845 -0.994212798158 34.3377685485 -0.988720456517 34.3377685485 -0.988720456517 34.3432617126 -0.98322810579 34.3432617126 -0.98322810579 34.3542480407 -0.972243377277 34.3542480407 -0.972243377277 34.3597412048 -0.977735746026 34.3597412048 -0.977735746026 34.3707275329 -0.98322810579 34.3707275329 -0.98322810579 34.376220697 -0.988720456517 34.376220697 -0.988720456517 34.3927001892 -0.994212798158 34.3927001892 -0.994212798158 34.3981933532 -0.999705130663 34.3981933532 -0.999705130663 34.4036865173 -0.994212798158 34.4036865173 -0.994212798158 34.4421386657 -0.999705130663 34.4421386657 -0.999705130663 34.464111322 -1.00519745398 34.464111322 -1.00519745398 34.4750976501 -1.01068976806 34.4750976501 -1.01068976806 34.4970703063 -1.01618207285 34.4970703063 -1.01618207285 34.5080566344 -1.0216743683 34.5080566344 -1.0216743683 34.5135497985 -1.02716665437 34.5135497985 -1.02716665437 34.5245361266 -1.03265893099 34.5245361266 -1.03265893099 34.5300292907 -1.03815119813 34.5300292907 -1.03815119813 34.5465087829 -1.04364345572 34.5465087829 -1.04364345572 34.557495111 -1.04913570372 34.557495111 -1.04913570372 34.5739746032 -1.05462794209 34.5739746032 -1.05462794209 34.5684814391 -1.06012017076 34.5684814391 -1.06012017076 34.5794677672 -1.06561238969 34.5794677672 -1.06561238969 34.5959472594 -1.04913570372 34.5959472594 -1.04913570372 34.6014404235 -1.05462794209 34.6014404235 -1.05462794209 34.6069335876 -1.06012017076 34.6069335876 -1.06012017076 34.6124267516 -1.06561238969 34.6124267516 -1.06561238969 34.6179199157 -1.07110459882 34.6179199157 -1.07110459882 34.6234130797 -1.08208898751 34.6234130797 -1.08208898751 34.6179199157 -1.09307333643 34.6179199157 -1.09307333643 34.6234130797 -1.10405764516 34.6234130797 -1.10405764516 34.6289062438 -1.10954978434 34.6289062438 -1.10954978434 34.6234130797 -1.11504191332 34.6234130797 -1.11504191332 34.6289062438 -1.12053403205 34.6289062438 -1.12053403205 34.6343994079 -1.15348652644 34.6343994079 -1.15348652644 34.6289062438 -1.15897857203 34.6289062438 -1.15897857203 34.6124267516 -1.15348652644 34.6124267516 -1.15348652644 34.6069335876 -1.14799447024 34.6069335876 -1.14799447024 34.6014404235 -1.13701032626 34.6014404235 -1.13701032626 34.5959472594 -1.13151823857 34.5959472594 -1.13151823857 34.6014404235 -1.10405764516 34.6014404235 -1.10405764516 34.5849609313 -1.10954978434 34.5849609313 -1.10954978434 34.5629882751 -1.10405764516 34.5629882751 -1.10405764516 34.5520019469 -1.10954978434 34.5520019469 -1.10954978434 34.5410156188 -1.11504191332 34.5410156188 -1.11504191332 34.5355224548 -1.10954978434 34.5355224548 -1.10954978434 34.5135497985 -1.11504191332 34.5135497985 -1.11504191332 34.5080566344 -1.10954978434 34.5080566344 -1.10954978434 34.4860839782 -1.10405764516 34.4860839782 -1.10405764516 34.4805908141 -1.09856549584 34.4805908141 -1.09856549584 34.469604486 -1.07110459882 34.469604486 -1.07110459882 34.464111322 -1.06012017076 34.464111322 -1.06012017076 34.4531249938 -1.05462794209 34.4531249938 -1.05462794209 34.4476318298 -1.06012017076 34.4476318298 -1.06012017076 34.4421386657 -1.07659679811 34.4421386657 -1.07659679811 34.4146728454 -1.08208898751 34.4146728454");
);
out meta;


[out:json][diff:"2016-10-14T13:00:00Z","2016-10-14T21:00:00Z"];
(
way["highway"="tertiary"](poly:"-1.08208898751 34.4091796813 -1.07659679811 34.4091796813 -1.07659679811 34.4036865173 -1.07110459882 34.4036865173 -1.07110459882 34.3981933532 -1.06561238969 34.3981933532 -1.06561238969 34.3872070251 -1.06012017076 34.3872070251 -1.06012017076 34.381713861 -1.05462794209 34.381713861 -1.05462794209 34.376220697 -1.0216743683 34.376220697 -1.0216743683 34.381713861 -1.01618207285 34.381713861 -1.01618207285 34.3542480407 -1.01068976806 34.3542480407 -1.01068976806 34.3432617126 -1.00519745398 34.3432617126 -1.00519745398 34.3322753845 -0.994212798158 34.3322753845 -0.994212798158 34.3377685485 -0.988720456517 34.3377685485 -0.988720456517 34.3432617126 -0.98322810579 34.3432617126 -0.98322810579 34.3542480407 -0.972243377277 34.3542480407 -0.972243377277 34.3597412048 -0.977735746026 34.3597412048 -0.977735746026 34.3707275329 -0.98322810579 34.3707275329 -0.98322810579 34.376220697 -0.988720456517 34.376220697 -0.988720456517 34.3927001892 -0.994212798158 34.3927001892 -0.994212798158 34.3981933532 -0.999705130663 34.3981933532 -0.999705130663 34.4036865173 -0.994212798158 34.4036865173 -0.994212798158 34.4421386657 -0.999705130663 34.4421386657 -0.999705130663 34.464111322 -1.00519745398 34.464111322 -1.00519745398 34.4750976501 -1.01068976806 34.4750976501 -1.01068976806 34.4970703063 -1.01618207285 34.4970703063 -1.01618207285 34.5080566344 -1.0216743683 34.5080566344 -1.0216743683 34.5135497985 -1.02716665437 34.5135497985 -1.02716665437 34.5245361266 -1.03265893099 34.5245361266 -1.03265893099 34.5300292907 -1.03815119813 34.5300292907 -1.03815119813 34.5465087829 -1.04364345572 34.5465087829 -1.04364345572 34.557495111 -1.04913570372 34.557495111 -1.04913570372 34.5739746032 -1.05462794209 34.5739746032 -1.05462794209 34.5684814391 -1.06012017076 34.5684814391 -1.06012017076 34.5794677672 -1.06561238969 34.5794677672 -1.06561238969 34.5959472594 -1.04913570372 34.5959472594 -1.04913570372 34.6014404235 -1.05462794209 34.6014404235 -1.05462794209 34.6069335876 -1.06012017076 34.6069335876 -1.06012017076 34.6124267516 -1.06561238969 34.6124267516 -1.06561238969 34.6179199157 -1.07110459882 34.6179199157 -1.07110459882 34.6234130797 -1.08208898751 34.6234130797 -1.08208898751 34.6179199157 -1.09307333643 34.6179199157 -1.09307333643 34.6234130797 -1.10405764516 34.6234130797 -1.10405764516 34.6289062438 -1.10954978434 34.6289062438 -1.10954978434 34.6234130797 -1.11504191332 34.6234130797 -1.11504191332 34.6289062438 -1.12053403205 34.6289062438 -1.12053403205 34.6343994079 -1.15348652644 34.6343994079 -1.15348652644 34.6289062438 -1.15897857203 34.6289062438 -1.15897857203 34.6124267516 -1.15348652644 34.6124267516 -1.15348652644 34.6069335876 -1.14799447024 34.6069335876 -1.14799447024 34.6014404235 -1.13701032626 34.6014404235 -1.13701032626 34.5959472594 -1.13151823857 34.5959472594 -1.13151823857 34.6014404235 -1.10405764516 34.6014404235 -1.10405764516 34.5849609313 -1.10954978434 34.5849609313 -1.10954978434 34.5629882751 -1.10405764516 34.5629882751 -1.10405764516 34.5520019469 -1.10954978434 34.5520019469 -1.10954978434 34.5410156188 -1.11504191332 34.5410156188 -1.11504191332 34.5355224548 -1.10954978434 34.5355224548 -1.10954978434 34.5135497985 -1.11504191332 34.5135497985 -1.11504191332 34.5080566344 -1.10954978434 34.5080566344 -1.10954978434 34.4860839782 -1.10405764516 34.4860839782 -1.10405764516 34.4805908141 -1.09856549584 34.4805908141 -1.09856549584 34.469604486 -1.07110459882 34.469604486 -1.07110459882 34.464111322 -1.06012017076 34.464111322 -1.06012017076 34.4531249938 -1.05462794209 34.4531249938 -1.05462794209 34.4476318298 -1.06012017076 34.4476318298 -1.06012017076 34.4421386657 -1.07659679811 34.4421386657 -1.07659679811 34.4146728454 -1.08208898751 34.4146728454");
);
out body;
>;
out skel qt;

[out:json][diff:"2016-10-14T13:00:00Z","2016-10-14T21:00:00Z"];
(
way["highway"="tertiary"](poly:"-1.08208898751 34.4091796813 -1.07659679811 34.4091796813 -1.07659679811 34.4036865173 -1.07110459882 34.4036865173 -1.07110459882 34.3981933532 -1.06561238969 34.3981933532 -1.06561238969 34.3872070251 -1.06012017076 34.3872070251 -1.06012017076 34.381713861 -1.05462794209 34.381713861 -1.05462794209 34.376220697 -1.0216743683 34.376220697 -1.0216743683 34.381713861 -1.01618207285 34.381713861 -1.01618207285 34.3542480407 -1.01068976806 34.3542480407 -1.01068976806 34.3432617126 -1.00519745398 34.3432617126 -1.00519745398 34.3322753845 -0.994212798158 34.3322753845 -0.994212798158 34.3377685485 -0.988720456517 34.3377685485 -0.988720456517 34.3432617126 -0.98322810579 34.3432617126 -0.98322810579 34.3542480407 -0.972243377277 34.3542480407 -0.972243377277 34.3597412048 -0.977735746026 34.3597412048 -0.977735746026 34.3707275329 -0.98322810579 34.3707275329 -0.98322810579 34.376220697 -0.988720456517 34.376220697 -0.988720456517 34.3927001892 -0.994212798158 34.3927001892 -0.994212798158 34.3981933532 -0.999705130663 34.3981933532 -0.999705130663 34.4036865173 -0.994212798158 34.4036865173 -0.994212798158 34.4421386657 -0.999705130663 34.4421386657 -0.999705130663 34.464111322 -1.00519745398 34.464111322 -1.00519745398 34.4750976501 -1.01068976806 34.4750976501 -1.01068976806 34.4970703063 -1.01618207285 34.4970703063 -1.01618207285 34.5080566344 -1.0216743683 34.5080566344 -1.0216743683 34.5135497985 -1.02716665437 34.5135497985 -1.02716665437 34.5245361266 -1.03265893099 34.5245361266 -1.03265893099 34.5300292907 -1.03815119813 34.5300292907 -1.03815119813 34.5465087829 -1.04364345572 34.5465087829 -1.04364345572 34.557495111 -1.04913570372 34.557495111 -1.04913570372 34.5739746032 -1.05462794209 34.5739746032 -1.05462794209 34.5684814391 -1.06012017076 34.5684814391 -1.06012017076 34.5794677672 -1.06561238969 34.5794677672 -1.06561238969 34.5959472594 -1.04913570372 34.5959472594 -1.04913570372 34.6014404235 -1.05462794209 34.6014404235 -1.05462794209 34.6069335876 -1.06012017076 34.6069335876 -1.06012017076 34.6124267516 -1.06561238969 34.6124267516 -1.06561238969 34.6179199157 -1.07110459882 34.6179199157 -1.07110459882 34.6234130797 -1.08208898751 34.6234130797 -1.08208898751 34.6179199157 -1.09307333643 34.6179199157 -1.09307333643 34.6234130797 -1.10405764516 34.6234130797 -1.10405764516 34.6289062438 -1.10954978434 34.6289062438 -1.10954978434 34.6234130797 -1.11504191332 34.6234130797 -1.11504191332 34.6289062438 -1.12053403205 34.6289062438 -1.12053403205 34.6343994079 -1.15348652644 34.6343994079 -1.15348652644 34.6289062438 -1.15897857203 34.6289062438 -1.15897857203 34.6124267516 -1.15348652644 34.6124267516 -1.15348652644 34.6069335876 -1.14799447024 34.6069335876 -1.14799447024 34.6014404235 -1.13701032626 34.6014404235 -1.13701032626 34.5959472594 -1.13151823857 34.5959472594 -1.13151823857 34.6014404235 -1.10405764516 34.6014404235 -1.10405764516 34.5849609313 -1.10954978434 34.5849609313 -1.10954978434 34.5629882751 -1.10405764516 34.5629882751 -1.10405764516 34.5520019469 -1.10954978434 34.5520019469 -1.10954978434 34.5410156188 -1.11504191332 34.5410156188 -1.11504191332 34.5355224548 -1.10954978434 34.5355224548 -1.10954978434 34.5135497985 -1.11504191332 34.5135497985 -1.11504191332 34.5080566344 -1.10954978434 34.5080566344 -1.10954978434 34.4860839782 -1.10405764516 34.4860839782 -1.10405764516 34.4805908141 -1.09856549584 34.4805908141 -1.09856549584 34.469604486 -1.07110459882 34.469604486 -1.07110459882 34.464111322 -1.06012017076 34.464111322 -1.06012017076 34.4531249938 -1.05462794209 34.4531249938 -1.05462794209 34.4476318298 -1.06012017076 34.4476318298 -1.06012017076 34.4421386657 -1.07659679811 34.4421386657 -1.07659679811 34.4146728454 -1.08208898751 34.4146728454");
);
out meta;


[out:json][diff:"2016-10-14T13:00:00Z","2016-10-14T21:00:00Z"];
(
way["highway"="residential"](poly:"-1.08208898751 34.4091796813 -1.07659679811 34.4091796813 -1.07659679811 34.4036865173 -1.07110459882 34.4036865173 -1.07110459882 34.3981933532 -1.06561238969 34.3981933532 -1.06561238969 34.3872070251 -1.06012017076 34.3872070251 -1.06012017076 34.381713861 -1.05462794209 34.381713861 -1.05462794209 34.376220697 -1.0216743683 34.376220697 -1.0216743683 34.381713861 -1.01618207285 34.381713861 -1.01618207285 34.3542480407 -1.01068976806 34.3542480407 -1.01068976806 34.3432617126 -1.00519745398 34.3432617126 -1.00519745398 34.3322753845 -0.994212798158 34.3322753845 -0.994212798158 34.3377685485 -0.988720456517 34.3377685485 -0.988720456517 34.3432617126 -0.98322810579 34.3432617126 -0.98322810579 34.3542480407 -0.972243377277 34.3542480407 -0.972243377277 34.3597412048 -0.977735746026 34.3597412048 -0.977735746026 34.3707275329 -0.98322810579 34.3707275329 -0.98322810579 34.376220697 -0.988720456517 34.376220697 -0.988720456517 34.3927001892 -0.994212798158 34.3927001892 -0.994212798158 34.3981933532 -0.999705130663 34.3981933532 -0.999705130663 34.4036865173 -0.994212798158 34.4036865173 -0.994212798158 34.4421386657 -0.999705130663 34.4421386657 -0.999705130663 34.464111322 -1.00519745398 34.464111322 -1.00519745398 34.4750976501 -1.01068976806 34.4750976501 -1.01068976806 34.4970703063 -1.01618207285 34.4970703063 -1.01618207285 34.5080566344 -1.0216743683 34.5080566344 -1.0216743683 34.5135497985 -1.02716665437 34.5135497985 -1.02716665437 34.5245361266 -1.03265893099 34.5245361266 -1.03265893099 34.5300292907 -1.03815119813 34.5300292907 -1.03815119813 34.5465087829 -1.04364345572 34.5465087829 -1.04364345572 34.557495111 -1.04913570372 34.557495111 -1.04913570372 34.5739746032 -1.05462794209 34.5739746032 -1.05462794209 34.5684814391 -1.06012017076 34.5684814391 -1.06012017076 34.5794677672 -1.06561238969 34.5794677672 -1.06561238969 34.5959472594 -1.04913570372 34.5959472594 -1.04913570372 34.6014404235 -1.05462794209 34.6014404235 -1.05462794209 34.6069335876 -1.06012017076 34.6069335876 -1.06012017076 34.6124267516 -1.06561238969 34.6124267516 -1.06561238969 34.6179199157 -1.07110459882 34.6179199157 -1.07110459882 34.6234130797 -1.08208898751 34.6234130797 -1.08208898751 34.6179199157 -1.09307333643 34.6179199157 -1.09307333643 34.6234130797 -1.10405764516 34.6234130797 -1.10405764516 34.6289062438 -1.10954978434 34.6289062438 -1.10954978434 34.6234130797 -1.11504191332 34.6234130797 -1.11504191332 34.6289062438 -1.12053403205 34.6289062438 -1.12053403205 34.6343994079 -1.15348652644 34.6343994079 -1.15348652644 34.6289062438 -1.15897857203 34.6289062438 -1.15897857203 34.6124267516 -1.15348652644 34.6124267516 -1.15348652644 34.6069335876 -1.14799447024 34.6069335876 -1.14799447024 34.6014404235 -1.13701032626 34.6014404235 -1.13701032626 34.5959472594 -1.13151823857 34.5959472594 -1.13151823857 34.6014404235 -1.10405764516 34.6014404235 -1.10405764516 34.5849609313 -1.10954978434 34.5849609313 -1.10954978434 34.5629882751 -1.10405764516 34.5629882751 -1.10405764516 34.5520019469 -1.10954978434 34.5520019469 -1.10954978434 34.5410156188 -1.11504191332 34.5410156188 -1.11504191332 34.5355224548 -1.10954978434 34.5355224548 -1.10954978434 34.5135497985 -1.11504191332 34.5135497985 -1.11504191332 34.5080566344 -1.10954978434 34.5080566344 -1.10954978434 34.4860839782 -1.10405764516 34.4860839782 -1.10405764516 34.4805908141 -1.09856549584 34.4805908141 -1.09856549584 34.469604486 -1.07110459882 34.469604486 -1.07110459882 34.464111322 -1.06012017076 34.464111322 -1.06012017076 34.4531249938 -1.05462794209 34.4531249938 -1.05462794209 34.4476318298 -1.06012017076 34.4476318298 -1.06012017076 34.4421386657 -1.07659679811 34.4421386657 -1.07659679811 34.4146728454 -1.08208898751 34.4146728454");
);
out body;
>;
out skel qt;

[out:json][diff:"2016-10-14T13:00:00Z","2016-10-14T21:00:00Z"];
(
way["highway"="residential"](poly:"-1.08208898751 34.4091796813 -1.07659679811 34.4091796813 -1.07659679811 34.4036865173 -1.07110459882 34.4036865173 -1.07110459882 34.3981933532 -1.06561238969 34.3981933532 -1.06561238969 34.3872070251 -1.06012017076 34.3872070251 -1.06012017076 34.381713861 -1.05462794209 34.381713861 -1.05462794209 34.376220697 -1.0216743683 34.376220697 -1.0216743683 34.381713861 -1.01618207285 34.381713861 -1.01618207285 34.3542480407 -1.01068976806 34.3542480407 -1.01068976806 34.3432617126 -1.00519745398 34.3432617126 -1.00519745398 34.3322753845 -0.994212798158 34.3322753845 -0.994212798158 34.3377685485 -0.988720456517 34.3377685485 -0.988720456517 34.3432617126 -0.98322810579 34.3432617126 -0.98322810579 34.3542480407 -0.972243377277 34.3542480407 -0.972243377277 34.3597412048 -0.977735746026 34.3597412048 -0.977735746026 34.3707275329 -0.98322810579 34.3707275329 -0.98322810579 34.376220697 -0.988720456517 34.376220697 -0.988720456517 34.3927001892 -0.994212798158 34.3927001892 -0.994212798158 34.3981933532 -0.999705130663 34.3981933532 -0.999705130663 34.4036865173 -0.994212798158 34.4036865173 -0.994212798158 34.4421386657 -0.999705130663 34.4421386657 -0.999705130663 34.464111322 -1.00519745398 34.464111322 -1.00519745398 34.4750976501 -1.01068976806 34.4750976501 -1.01068976806 34.4970703063 -1.01618207285 34.4970703063 -1.01618207285 34.5080566344 -1.0216743683 34.5080566344 -1.0216743683 34.5135497985 -1.02716665437 34.5135497985 -1.02716665437 34.5245361266 -1.03265893099 34.5245361266 -1.03265893099 34.5300292907 -1.03815119813 34.5300292907 -1.03815119813 34.5465087829 -1.04364345572 34.5465087829 -1.04364345572 34.557495111 -1.04913570372 34.557495111 -1.04913570372 34.5739746032 -1.05462794209 34.5739746032 -1.05462794209 34.5684814391 -1.06012017076 34.5684814391 -1.06012017076 34.5794677672 -1.06561238969 34.5794677672 -1.06561238969 34.5959472594 -1.04913570372 34.5959472594 -1.04913570372 34.6014404235 -1.05462794209 34.6014404235 -1.05462794209 34.6069335876 -1.06012017076 34.6069335876 -1.06012017076 34.6124267516 -1.06561238969 34.6124267516 -1.06561238969 34.6179199157 -1.07110459882 34.6179199157 -1.07110459882 34.6234130797 -1.08208898751 34.6234130797 -1.08208898751 34.6179199157 -1.09307333643 34.6179199157 -1.09307333643 34.6234130797 -1.10405764516 34.6234130797 -1.10405764516 34.6289062438 -1.10954978434 34.6289062438 -1.10954978434 34.6234130797 -1.11504191332 34.6234130797 -1.11504191332 34.6289062438 -1.12053403205 34.6289062438 -1.12053403205 34.6343994079 -1.15348652644 34.6343994079 -1.15348652644 34.6289062438 -1.15897857203 34.6289062438 -1.15897857203 34.6124267516 -1.15348652644 34.6124267516 -1.15348652644 34.6069335876 -1.14799447024 34.6069335876 -1.14799447024 34.6014404235 -1.13701032626 34.6014404235 -1.13701032626 34.5959472594 -1.13151823857 34.5959472594 -1.13151823857 34.6014404235 -1.10405764516 34.6014404235 -1.10405764516 34.5849609313 -1.10954978434 34.5849609313 -1.10954978434 34.5629882751 -1.10405764516 34.5629882751 -1.10405764516 34.5520019469 -1.10954978434 34.5520019469 -1.10954978434 34.5410156188 -1.11504191332 34.5410156188 -1.11504191332 34.5355224548 -1.10954978434 34.5355224548 -1.10954978434 34.5135497985 -1.11504191332 34.5135497985 -1.11504191332 34.5080566344 -1.10954978434 34.5080566344 -1.10954978434 34.4860839782 -1.10405764516 34.4860839782 -1.10405764516 34.4805908141 -1.09856549584 34.4805908141 -1.09856549584 34.469604486 -1.07110459882 34.469604486 -1.07110459882 34.464111322 -1.06012017076 34.464111322 -1.06012017076 34.4531249938 -1.05462794209 34.4531249938 -1.05462794209 34.4476318298 -1.06012017076 34.4476318298 -1.06012017076 34.4421386657 -1.07659679811 34.4421386657 -1.07659679811 34.4146728454 -1.08208898751 34.4146728454");
);
out meta;

[out:json][diff:"2016-10-14T13:00:00Z","2016-10-14T21:00:00Z"];
(
way["highway"="track"](poly:"-1.08208898751 34.4091796813 -1.07659679811 34.4091796813 -1.07659679811 34.4036865173 -1.07110459882 34.4036865173 -1.07110459882 34.3981933532 -1.06561238969 34.3981933532 -1.06561238969 34.3872070251 -1.06012017076 34.3872070251 -1.06012017076 34.381713861 -1.05462794209 34.381713861 -1.05462794209 34.376220697 -1.0216743683 34.376220697 -1.0216743683 34.381713861 -1.01618207285 34.381713861 -1.01618207285 34.3542480407 -1.01068976806 34.3542480407 -1.01068976806 34.3432617126 -1.00519745398 34.3432617126 -1.00519745398 34.3322753845 -0.994212798158 34.3322753845 -0.994212798158 34.3377685485 -0.988720456517 34.3377685485 -0.988720456517 34.3432617126 -0.98322810579 34.3432617126 -0.98322810579 34.3542480407 -0.972243377277 34.3542480407 -0.972243377277 34.3597412048 -0.977735746026 34.3597412048 -0.977735746026 34.3707275329 -0.98322810579 34.3707275329 -0.98322810579 34.376220697 -0.988720456517 34.376220697 -0.988720456517 34.3927001892 -0.994212798158 34.3927001892 -0.994212798158 34.3981933532 -0.999705130663 34.3981933532 -0.999705130663 34.4036865173 -0.994212798158 34.4036865173 -0.994212798158 34.4421386657 -0.999705130663 34.4421386657 -0.999705130663 34.464111322 -1.00519745398 34.464111322 -1.00519745398 34.4750976501 -1.01068976806 34.4750976501 -1.01068976806 34.4970703063 -1.01618207285 34.4970703063 -1.01618207285 34.5080566344 -1.0216743683 34.5080566344 -1.0216743683 34.5135497985 -1.02716665437 34.5135497985 -1.02716665437 34.5245361266 -1.03265893099 34.5245361266 -1.03265893099 34.5300292907 -1.03815119813 34.5300292907 -1.03815119813 34.5465087829 -1.04364345572 34.5465087829 -1.04364345572 34.557495111 -1.04913570372 34.557495111 -1.04913570372 34.5739746032 -1.05462794209 34.5739746032 -1.05462794209 34.5684814391 -1.06012017076 34.5684814391 -1.06012017076 34.5794677672 -1.06561238969 34.5794677672 -1.06561238969 34.5959472594 -1.04913570372 34.5959472594 -1.04913570372 34.6014404235 -1.05462794209 34.6014404235 -1.05462794209 34.6069335876 -1.06012017076 34.6069335876 -1.06012017076 34.6124267516 -1.06561238969 34.6124267516 -1.06561238969 34.6179199157 -1.07110459882 34.6179199157 -1.07110459882 34.6234130797 -1.08208898751 34.6234130797 -1.08208898751 34.6179199157 -1.09307333643 34.6179199157 -1.09307333643 34.6234130797 -1.10405764516 34.6234130797 -1.10405764516 34.6289062438 -1.10954978434 34.6289062438 -1.10954978434 34.6234130797 -1.11504191332 34.6234130797 -1.11504191332 34.6289062438 -1.12053403205 34.6289062438 -1.12053403205 34.6343994079 -1.15348652644 34.6343994079 -1.15348652644 34.6289062438 -1.15897857203 34.6289062438 -1.15897857203 34.6124267516 -1.15348652644 34.6124267516 -1.15348652644 34.6069335876 -1.14799447024 34.6069335876 -1.14799447024 34.6014404235 -1.13701032626 34.6014404235 -1.13701032626 34.5959472594 -1.13151823857 34.5959472594 -1.13151823857 34.6014404235 -1.10405764516 34.6014404235 -1.10405764516 34.5849609313 -1.10954978434 34.5849609313 -1.10954978434 34.5629882751 -1.10405764516 34.5629882751 -1.10405764516 34.5520019469 -1.10954978434 34.5520019469 -1.10954978434 34.5410156188 -1.11504191332 34.5410156188 -1.11504191332 34.5355224548 -1.10954978434 34.5355224548 -1.10954978434 34.5135497985 -1.11504191332 34.5135497985 -1.11504191332 34.5080566344 -1.10954978434 34.5080566344 -1.10954978434 34.4860839782 -1.10405764516 34.4860839782 -1.10405764516 34.4805908141 -1.09856549584 34.4805908141 -1.09856549584 34.469604486 -1.07110459882 34.469604486 -1.07110459882 34.464111322 -1.06012017076 34.464111322 -1.06012017076 34.4531249938 -1.05462794209 34.4531249938 -1.05462794209 34.4476318298 -1.06012017076 34.4476318298 -1.06012017076 34.4421386657 -1.07659679811 34.4421386657 -1.07659679811 34.4146728454 -1.08208898751 34.4146728454");
);
out body;
>;
out skel qt;

[out:json][diff:"2016-10-14T13:00:00Z","2016-10-14T21:00:00Z"];
(
way["highway"="track"](poly:"-1.08208898751 34.4091796813 -1.07659679811 34.4091796813 -1.07659679811 34.4036865173 -1.07110459882 34.4036865173 -1.07110459882 34.3981933532 -1.06561238969 34.3981933532 -1.06561238969 34.3872070251 -1.06012017076 34.3872070251 -1.06012017076 34.381713861 -1.05462794209 34.381713861 -1.05462794209 34.376220697 -1.0216743683 34.376220697 -1.0216743683 34.381713861 -1.01618207285 34.381713861 -1.01618207285 34.3542480407 -1.01068976806 34.3542480407 -1.01068976806 34.3432617126 -1.00519745398 34.3432617126 -1.00519745398 34.3322753845 -0.994212798158 34.3322753845 -0.994212798158 34.3377685485 -0.988720456517 34.3377685485 -0.988720456517 34.3432617126 -0.98322810579 34.3432617126 -0.98322810579 34.3542480407 -0.972243377277 34.3542480407 -0.972243377277 34.3597412048 -0.977735746026 34.3597412048 -0.977735746026 34.3707275329 -0.98322810579 34.3707275329 -0.98322810579 34.376220697 -0.988720456517 34.376220697 -0.988720456517 34.3927001892 -0.994212798158 34.3927001892 -0.994212798158 34.3981933532 -0.999705130663 34.3981933532 -0.999705130663 34.4036865173 -0.994212798158 34.4036865173 -0.994212798158 34.4421386657 -0.999705130663 34.4421386657 -0.999705130663 34.464111322 -1.00519745398 34.464111322 -1.00519745398 34.4750976501 -1.01068976806 34.4750976501 -1.01068976806 34.4970703063 -1.01618207285 34.4970703063 -1.01618207285 34.5080566344 -1.0216743683 34.5080566344 -1.0216743683 34.5135497985 -1.02716665437 34.5135497985 -1.02716665437 34.5245361266 -1.03265893099 34.5245361266 -1.03265893099 34.5300292907 -1.03815119813 34.5300292907 -1.03815119813 34.5465087829 -1.04364345572 34.5465087829 -1.04364345572 34.557495111 -1.04913570372 34.557495111 -1.04913570372 34.5739746032 -1.05462794209 34.5739746032 -1.05462794209 34.5684814391 -1.06012017076 34.5684814391 -1.06012017076 34.5794677672 -1.06561238969 34.5794677672 -1.06561238969 34.5959472594 -1.04913570372 34.5959472594 -1.04913570372 34.6014404235 -1.05462794209 34.6014404235 -1.05462794209 34.6069335876 -1.06012017076 34.6069335876 -1.06012017076 34.6124267516 -1.06561238969 34.6124267516 -1.06561238969 34.6179199157 -1.07110459882 34.6179199157 -1.07110459882 34.6234130797 -1.08208898751 34.6234130797 -1.08208898751 34.6179199157 -1.09307333643 34.6179199157 -1.09307333643 34.6234130797 -1.10405764516 34.6234130797 -1.10405764516 34.6289062438 -1.10954978434 34.6289062438 -1.10954978434 34.6234130797 -1.11504191332 34.6234130797 -1.11504191332 34.6289062438 -1.12053403205 34.6289062438 -1.12053403205 34.6343994079 -1.15348652644 34.6343994079 -1.15348652644 34.6289062438 -1.15897857203 34.6289062438 -1.15897857203 34.6124267516 -1.15348652644 34.6124267516 -1.15348652644 34.6069335876 -1.14799447024 34.6069335876 -1.14799447024 34.6014404235 -1.13701032626 34.6014404235 -1.13701032626 34.5959472594 -1.13151823857 34.5959472594 -1.13151823857 34.6014404235 -1.10405764516 34.6014404235 -1.10405764516 34.5849609313 -1.10954978434 34.5849609313 -1.10954978434 34.5629882751 -1.10405764516 34.5629882751 -1.10405764516 34.5520019469 -1.10954978434 34.5520019469 -1.10954978434 34.5410156188 -1.11504191332 34.5410156188 -1.11504191332 34.5355224548 -1.10954978434 34.5355224548 -1.10954978434 34.5135497985 -1.11504191332 34.5135497985 -1.11504191332 34.5080566344 -1.10954978434 34.5080566344 -1.10954978434 34.4860839782 -1.10405764516 34.4860839782 -1.10405764516 34.4805908141 -1.09856549584 34.4805908141 -1.09856549584 34.469604486 -1.07110459882 34.469604486 -1.07110459882 34.464111322 -1.06012017076 34.464111322 -1.06012017076 34.4531249938 -1.05462794209 34.4531249938 -1.05462794209 34.4476318298 -1.06012017076 34.4476318298 -1.06012017076 34.4421386657 -1.07659679811 34.4421386657 -1.07659679811 34.4146728454 -1.08208898751 34.4146728454");
);
out meta;
