

PLEASE, install your own Overpass API instance if you plan to run these queries, because they consume _a lot_ of memory and time resources. Installation instructions:
http://overpass-api.de/full_installation.html. 

Get unclassified highways and their nodes on the worked area starting from the mapathon start time (28.4.2016 at 14:00 Finnish time) to end of the day (in Finnish time):
// In lat,lng pairs and without the last being same as the first
[out:json][diff:"2016-04-28T11:00:00Z","2016-04-28T21:00:00Z"];
(
way["highway"="primary"](poly:"-0.856901647286 -80.1123046731 -0.834931385893 -80.1123046731 -0.834931385893 -80.2001952981 -0.790990498012 -80.2001952981 -0.790990498012 -80.1782226419 -0.769019877984 -80.1782226419 -0.769019877984 -80.2441406106 -0.725078301903 -80.2441406106 -0.725078301903 -80.2880859231 -0.615222552297 -80.2880859231 -0.615222552297 -80.2221679544 -0.461420793448 -80.2221679544 -0.461420793448 -80.2001952981 -0.439448816335 -80.2001952981 -0.439448816335 -80.1123046731 -0.395504671461 -80.1123046731 -0.395504671461 -80.1342773294 -0.351560293929 -80.1342773294 -0.351560293929 -80.1123046731 -0.307615709589 -80.1123046731 -0.307615709589 -80.0903320169 -0.263670944289 -80.0903320169 -0.263670944289 -80.0683593607 -0.175780974216 -80.0683593607 -0.175780974216 -80.0463867044 -0.153808408989 -80.0463867044 -0.153808408989 -80.0024413919 -0.131835821143 -80.0024413919 -0.131835821143 -79.9804687357 -0.0659179541965 -79.9804687357 -0.0659179541965 -79.9584960794 -0.0439453081835 -79.9584960794 -0.0439453081835 -79.9365234232 -0.0219726557075 -79.9365234232 -0.0219726557075 -79.8706054544 0.0219726557075 -79.8706054544 0.0219726557075 -79.8046874857 -0.153808408989 -79.8046874857 -0.153808408989 -79.826660142 -0.175780974216 -79.826660142 -0.175780974216 -79.8706054544 -0.241698501858 -79.8706054544 -0.241698501858 -79.9365234232 -0.395504671461 -79.9365234232 -0.395504671461 -79.9584960794 -0.417476774596 -79.9584960794 -0.417476774596 -79.9804687357 -0.439448816335 -79.9804687357 -0.439448816335 -80.0024413919 -0.461420793448 -80.0024413919 -0.461420793448 -79.9365234232 -0.50536454087 -79.9365234232 -0.50536454087 -79.9145507669 -0.461420793448 -79.9145507669 -0.461420793448 -79.8706054544 -0.483392702703 -79.8706054544 -0.483392702703 -79.826660142 -0.50536454087 -79.826660142 -0.50536454087 -79.738769517 -0.461420793448 -79.738769517 -0.461420793448 -79.7167968607 -0.439448816335 -79.7167968607 -0.439448816335 -79.6728515482 -0.461420793448 -79.6728515482 -0.461420793448 -79.650878892 -0.549307991014 -79.650878892 -0.549307991014 -79.6289062357 -0.57127959653 -79.6289062357 -0.57127959653 -79.6069335795 -0.703107352311 -79.6069335795 -0.703107352311 -79.6289062357 -0.769019877984 -79.6289062357 -0.769019877984 -79.650878892 -0.790990498012 -79.650878892 -0.790990498012 -79.6948242045 -0.747049144871 -79.6948242045 -0.747049144871 -79.7167968607 -0.725078301903 -79.7167968607 -0.725078301903 -79.7827148295 -0.681136299323 -79.7827148295 -0.681136299323 -79.826660142 -0.659165146171 -79.826660142 -0.659165146171 -79.8486327982 -0.681136299323 -79.8486327982 -0.681136299323 -79.8706054544 -0.790990498012 -79.8706054544 -0.790990498012 -79.8925781107 -0.834931385893 -79.8925781107 -0.834931385893 -79.9584960794 -0.856901647286 -79.9584960794");
);
out body;
>;
out skel qt;

[out:json][diff:"2016-04-28T11:00:00Z","2016-04-28T21:00:00Z"];
(
way["highway"="secondary"](poly:"-0.856901647286 -80.1123046731 -0.834931385893 -80.1123046731 -0.834931385893 -80.2001952981 -0.790990498012 -80.2001952981 -0.790990498012 -80.1782226419 -0.769019877984 -80.1782226419 -0.769019877984 -80.2441406106 -0.725078301903 -80.2441406106 -0.725078301903 -80.2880859231 -0.615222552297 -80.2880859231 -0.615222552297 -80.2221679544 -0.461420793448 -80.2221679544 -0.461420793448 -80.2001952981 -0.439448816335 -80.2001952981 -0.439448816335 -80.1123046731 -0.395504671461 -80.1123046731 -0.395504671461 -80.1342773294 -0.351560293929 -80.1342773294 -0.351560293929 -80.1123046731 -0.307615709589 -80.1123046731 -0.307615709589 -80.0903320169 -0.263670944289 -80.0903320169 -0.263670944289 -80.0683593607 -0.175780974216 -80.0683593607 -0.175780974216 -80.0463867044 -0.153808408989 -80.0463867044 -0.153808408989 -80.0024413919 -0.131835821143 -80.0024413919 -0.131835821143 -79.9804687357 -0.0659179541965 -79.9804687357 -0.0659179541965 -79.9584960794 -0.0439453081835 -79.9584960794 -0.0439453081835 -79.9365234232 -0.0219726557075 -79.9365234232 -0.0219726557075 -79.8706054544 0.0219726557075 -79.8706054544 0.0219726557075 -79.8046874857 -0.153808408989 -79.8046874857 -0.153808408989 -79.826660142 -0.175780974216 -79.826660142 -0.175780974216 -79.8706054544 -0.241698501858 -79.8706054544 -0.241698501858 -79.9365234232 -0.395504671461 -79.9365234232 -0.395504671461 -79.9584960794 -0.417476774596 -79.9584960794 -0.417476774596 -79.9804687357 -0.439448816335 -79.9804687357 -0.439448816335 -80.0024413919 -0.461420793448 -80.0024413919 -0.461420793448 -79.9365234232 -0.50536454087 -79.9365234232 -0.50536454087 -79.9145507669 -0.461420793448 -79.9145507669 -0.461420793448 -79.8706054544 -0.483392702703 -79.8706054544 -0.483392702703 -79.826660142 -0.50536454087 -79.826660142 -0.50536454087 -79.738769517 -0.461420793448 -79.738769517 -0.461420793448 -79.7167968607 -0.439448816335 -79.7167968607 -0.439448816335 -79.6728515482 -0.461420793448 -79.6728515482 -0.461420793448 -79.650878892 -0.549307991014 -79.650878892 -0.549307991014 -79.6289062357 -0.57127959653 -79.6289062357 -0.57127959653 -79.6069335795 -0.703107352311 -79.6069335795 -0.703107352311 -79.6289062357 -0.769019877984 -79.6289062357 -0.769019877984 -79.650878892 -0.790990498012 -79.650878892 -0.790990498012 -79.6948242045 -0.747049144871 -79.6948242045 -0.747049144871 -79.7167968607 -0.725078301903 -79.7167968607 -0.725078301903 -79.7827148295 -0.681136299323 -79.7827148295 -0.681136299323 -79.826660142 -0.659165146171 -79.826660142 -0.659165146171 -79.8486327982 -0.681136299323 -79.8486327982 -0.681136299323 -79.8706054544 -0.790990498012 -79.8706054544 -0.790990498012 -79.8925781107 -0.834931385893 -79.8925781107 -0.834931385893 -79.9584960794 -0.856901647286 -79.9584960794");
);
out body;
>;
out skel qt;

[out:json][diff:"2016-04-28T11:00:00Z","2016-04-28T21:00:00Z"];
(
way["highway"="tertiary"](poly:"-0.856901647286 -80.1123046731 -0.834931385893 -80.1123046731 -0.834931385893 -80.2001952981 -0.790990498012 -80.2001952981 -0.790990498012 -80.1782226419 -0.769019877984 -80.1782226419 -0.769019877984 -80.2441406106 -0.725078301903 -80.2441406106 -0.725078301903 -80.2880859231 -0.615222552297 -80.2880859231 -0.615222552297 -80.2221679544 -0.461420793448 -80.2221679544 -0.461420793448 -80.2001952981 -0.439448816335 -80.2001952981 -0.439448816335 -80.1123046731 -0.395504671461 -80.1123046731 -0.395504671461 -80.1342773294 -0.351560293929 -80.1342773294 -0.351560293929 -80.1123046731 -0.307615709589 -80.1123046731 -0.307615709589 -80.0903320169 -0.263670944289 -80.0903320169 -0.263670944289 -80.0683593607 -0.175780974216 -80.0683593607 -0.175780974216 -80.0463867044 -0.153808408989 -80.0463867044 -0.153808408989 -80.0024413919 -0.131835821143 -80.0024413919 -0.131835821143 -79.9804687357 -0.0659179541965 -79.9804687357 -0.0659179541965 -79.9584960794 -0.0439453081835 -79.9584960794 -0.0439453081835 -79.9365234232 -0.0219726557075 -79.9365234232 -0.0219726557075 -79.8706054544 0.0219726557075 -79.8706054544 0.0219726557075 -79.8046874857 -0.153808408989 -79.8046874857 -0.153808408989 -79.826660142 -0.175780974216 -79.826660142 -0.175780974216 -79.8706054544 -0.241698501858 -79.8706054544 -0.241698501858 -79.9365234232 -0.395504671461 -79.9365234232 -0.395504671461 -79.9584960794 -0.417476774596 -79.9584960794 -0.417476774596 -79.9804687357 -0.439448816335 -79.9804687357 -0.439448816335 -80.0024413919 -0.461420793448 -80.0024413919 -0.461420793448 -79.9365234232 -0.50536454087 -79.9365234232 -0.50536454087 -79.9145507669 -0.461420793448 -79.9145507669 -0.461420793448 -79.8706054544 -0.483392702703 -79.8706054544 -0.483392702703 -79.826660142 -0.50536454087 -79.826660142 -0.50536454087 -79.738769517 -0.461420793448 -79.738769517 -0.461420793448 -79.7167968607 -0.439448816335 -79.7167968607 -0.439448816335 -79.6728515482 -0.461420793448 -79.6728515482 -0.461420793448 -79.650878892 -0.549307991014 -79.650878892 -0.549307991014 -79.6289062357 -0.57127959653 -79.6289062357 -0.57127959653 -79.6069335795 -0.703107352311 -79.6069335795 -0.703107352311 -79.6289062357 -0.769019877984 -79.6289062357 -0.769019877984 -79.650878892 -0.790990498012 -79.650878892 -0.790990498012 -79.6948242045 -0.747049144871 -79.6948242045 -0.747049144871 -79.7167968607 -0.725078301903 -79.7167968607 -0.725078301903 -79.7827148295 -0.681136299323 -79.7827148295 -0.681136299323 -79.826660142 -0.659165146171 -79.826660142 -0.659165146171 -79.8486327982 -0.681136299323 -79.8486327982 -0.681136299323 -79.8706054544 -0.790990498012 -79.8706054544 -0.790990498012 -79.8925781107 -0.834931385893 -79.8925781107 -0.834931385893 -79.9584960794 -0.856901647286 -79.9584960794");
);
out body;
>;
out skel qt;

[out:json][diff:"2016-04-28T11:00:00Z","2016-04-28T21:00:00Z"];
(
way["highway"="unclassified"](poly:"-0.856901647286 -80.1123046731 -0.834931385893 -80.1123046731 -0.834931385893 -80.2001952981 -0.790990498012 -80.2001952981 -0.790990498012 -80.1782226419 -0.769019877984 -80.1782226419 -0.769019877984 -80.2441406106 -0.725078301903 -80.2441406106 -0.725078301903 -80.2880859231 -0.615222552297 -80.2880859231 -0.615222552297 -80.2221679544 -0.461420793448 -80.2221679544 -0.461420793448 -80.2001952981 -0.439448816335 -80.2001952981 -0.439448816335 -80.1123046731 -0.395504671461 -80.1123046731 -0.395504671461 -80.1342773294 -0.351560293929 -80.1342773294 -0.351560293929 -80.1123046731 -0.307615709589 -80.1123046731 -0.307615709589 -80.0903320169 -0.263670944289 -80.0903320169 -0.263670944289 -80.0683593607 -0.175780974216 -80.0683593607 -0.175780974216 -80.0463867044 -0.153808408989 -80.0463867044 -0.153808408989 -80.0024413919 -0.131835821143 -80.0024413919 -0.131835821143 -79.9804687357 -0.0659179541965 -79.9804687357 -0.0659179541965 -79.9584960794 -0.0439453081835 -79.9584960794 -0.0439453081835 -79.9365234232 -0.0219726557075 -79.9365234232 -0.0219726557075 -79.8706054544 0.0219726557075 -79.8706054544 0.0219726557075 -79.8046874857 -0.153808408989 -79.8046874857 -0.153808408989 -79.826660142 -0.175780974216 -79.826660142 -0.175780974216 -79.8706054544 -0.241698501858 -79.8706054544 -0.241698501858 -79.9365234232 -0.395504671461 -79.9365234232 -0.395504671461 -79.9584960794 -0.417476774596 -79.9584960794 -0.417476774596 -79.9804687357 -0.439448816335 -79.9804687357 -0.439448816335 -80.0024413919 -0.461420793448 -80.0024413919 -0.461420793448 -79.9365234232 -0.50536454087 -79.9365234232 -0.50536454087 -79.9145507669 -0.461420793448 -79.9145507669 -0.461420793448 -79.8706054544 -0.483392702703 -79.8706054544 -0.483392702703 -79.826660142 -0.50536454087 -79.826660142 -0.50536454087 -79.738769517 -0.461420793448 -79.738769517 -0.461420793448 -79.7167968607 -0.439448816335 -79.7167968607 -0.439448816335 -79.6728515482 -0.461420793448 -79.6728515482 -0.461420793448 -79.650878892 -0.549307991014 -79.650878892 -0.549307991014 -79.6289062357 -0.57127959653 -79.6289062357 -0.57127959653 -79.6069335795 -0.703107352311 -79.6069335795 -0.703107352311 -79.6289062357 -0.769019877984 -79.6289062357 -0.769019877984 -79.650878892 -0.790990498012 -79.650878892 -0.790990498012 -79.6948242045 -0.747049144871 -79.6948242045 -0.747049144871 -79.7167968607 -0.725078301903 -79.7167968607 -0.725078301903 -79.7827148295 -0.681136299323 -79.7827148295 -0.681136299323 -79.826660142 -0.659165146171 -79.826660142 -0.659165146171 -79.8486327982 -0.681136299323 -79.8486327982 -0.681136299323 -79.8706054544 -0.790990498012 -79.8706054544 -0.790990498012 -79.8925781107 -0.834931385893 -79.8925781107 -0.834931385893 -79.9584960794 -0.856901647286 -79.9584960794");
);
out body;
>;
out skel qt;


[out:json][diff:"2016-04-28T11:00:00Z","2016-04-28T21:00:00Z"];
(
way["highway"="residential"](poly:"-0.856901647286 -80.1123046731 -0.834931385893 -80.1123046731 -0.834931385893 -80.2001952981 -0.790990498012 -80.2001952981 -0.790990498012 -80.1782226419 -0.769019877984 -80.1782226419 -0.769019877984 -80.2441406106 -0.725078301903 -80.2441406106 -0.725078301903 -80.2880859231 -0.615222552297 -80.2880859231 -0.615222552297 -80.2221679544 -0.461420793448 -80.2221679544 -0.461420793448 -80.2001952981 -0.439448816335 -80.2001952981 -0.439448816335 -80.1123046731 -0.395504671461 -80.1123046731 -0.395504671461 -80.1342773294 -0.351560293929 -80.1342773294 -0.351560293929 -80.1123046731 -0.307615709589 -80.1123046731 -0.307615709589 -80.0903320169 -0.263670944289 -80.0903320169 -0.263670944289 -80.0683593607 -0.175780974216 -80.0683593607 -0.175780974216 -80.0463867044 -0.153808408989 -80.0463867044 -0.153808408989 -80.0024413919 -0.131835821143 -80.0024413919 -0.131835821143 -79.9804687357 -0.0659179541965 -79.9804687357 -0.0659179541965 -79.9584960794 -0.0439453081835 -79.9584960794 -0.0439453081835 -79.9365234232 -0.0219726557075 -79.9365234232 -0.0219726557075 -79.8706054544 0.0219726557075 -79.8706054544 0.0219726557075 -79.8046874857 -0.153808408989 -79.8046874857 -0.153808408989 -79.826660142 -0.175780974216 -79.826660142 -0.175780974216 -79.8706054544 -0.241698501858 -79.8706054544 -0.241698501858 -79.9365234232 -0.395504671461 -79.9365234232 -0.395504671461 -79.9584960794 -0.417476774596 -79.9584960794 -0.417476774596 -79.9804687357 -0.439448816335 -79.9804687357 -0.439448816335 -80.0024413919 -0.461420793448 -80.0024413919 -0.461420793448 -79.9365234232 -0.50536454087 -79.9365234232 -0.50536454087 -79.9145507669 -0.461420793448 -79.9145507669 -0.461420793448 -79.8706054544 -0.483392702703 -79.8706054544 -0.483392702703 -79.826660142 -0.50536454087 -79.826660142 -0.50536454087 -79.738769517 -0.461420793448 -79.738769517 -0.461420793448 -79.7167968607 -0.439448816335 -79.7167968607 -0.439448816335 -79.6728515482 -0.461420793448 -79.6728515482 -0.461420793448 -79.650878892 -0.549307991014 -79.650878892 -0.549307991014 -79.6289062357 -0.57127959653 -79.6289062357 -0.57127959653 -79.6069335795 -0.703107352311 -79.6069335795 -0.703107352311 -79.6289062357 -0.769019877984 -79.6289062357 -0.769019877984 -79.650878892 -0.790990498012 -79.650878892 -0.790990498012 -79.6948242045 -0.747049144871 -79.6948242045 -0.747049144871 -79.7167968607 -0.725078301903 -79.7167968607 -0.725078301903 -79.7827148295 -0.681136299323 -79.7827148295 -0.681136299323 -79.826660142 -0.659165146171 -79.826660142 -0.659165146171 -79.8486327982 -0.681136299323 -79.8486327982 -0.681136299323 -79.8706054544 -0.790990498012 -79.8706054544 -0.790990498012 -79.8925781107 -0.834931385893 -79.8925781107 -0.834931385893 -79.9584960794 -0.856901647286 -79.9584960794");
);
out body;
>;
out skel qt;

[out:json][diff:"2016-04-28T11:00:00Z","2016-04-28T21:00:00Z"];
(
way["highway"="track"](poly:"-0.856901647286 -80.1123046731 -0.834931385893 -80.1123046731 -0.834931385893 -80.2001952981 -0.790990498012 -80.2001952981 -0.790990498012 -80.1782226419 -0.769019877984 -80.1782226419 -0.769019877984 -80.2441406106 -0.725078301903 -80.2441406106 -0.725078301903 -80.2880859231 -0.615222552297 -80.2880859231 -0.615222552297 -80.2221679544 -0.461420793448 -80.2221679544 -0.461420793448 -80.2001952981 -0.439448816335 -80.2001952981 -0.439448816335 -80.1123046731 -0.395504671461 -80.1123046731 -0.395504671461 -80.1342773294 -0.351560293929 -80.1342773294 -0.351560293929 -80.1123046731 -0.307615709589 -80.1123046731 -0.307615709589 -80.0903320169 -0.263670944289 -80.0903320169 -0.263670944289 -80.0683593607 -0.175780974216 -80.0683593607 -0.175780974216 -80.0463867044 -0.153808408989 -80.0463867044 -0.153808408989 -80.0024413919 -0.131835821143 -80.0024413919 -0.131835821143 -79.9804687357 -0.0659179541965 -79.9804687357 -0.0659179541965 -79.9584960794 -0.0439453081835 -79.9584960794 -0.0439453081835 -79.9365234232 -0.0219726557075 -79.9365234232 -0.0219726557075 -79.8706054544 0.0219726557075 -79.8706054544 0.0219726557075 -79.8046874857 -0.153808408989 -79.8046874857 -0.153808408989 -79.826660142 -0.175780974216 -79.826660142 -0.175780974216 -79.8706054544 -0.241698501858 -79.8706054544 -0.241698501858 -79.9365234232 -0.395504671461 -79.9365234232 -0.395504671461 -79.9584960794 -0.417476774596 -79.9584960794 -0.417476774596 -79.9804687357 -0.439448816335 -79.9804687357 -0.439448816335 -80.0024413919 -0.461420793448 -80.0024413919 -0.461420793448 -79.9365234232 -0.50536454087 -79.9365234232 -0.50536454087 -79.9145507669 -0.461420793448 -79.9145507669 -0.461420793448 -79.8706054544 -0.483392702703 -79.8706054544 -0.483392702703 -79.826660142 -0.50536454087 -79.826660142 -0.50536454087 -79.738769517 -0.461420793448 -79.738769517 -0.461420793448 -79.7167968607 -0.439448816335 -79.7167968607 -0.439448816335 -79.6728515482 -0.461420793448 -79.6728515482 -0.461420793448 -79.650878892 -0.549307991014 -79.650878892 -0.549307991014 -79.6289062357 -0.57127959653 -79.6289062357 -0.57127959653 -79.6069335795 -0.703107352311 -79.6069335795 -0.703107352311 -79.6289062357 -0.769019877984 -79.6289062357 -0.769019877984 -79.650878892 -0.790990498012 -79.650878892 -0.790990498012 -79.6948242045 -0.747049144871 -79.6948242045 -0.747049144871 -79.7167968607 -0.725078301903 -79.7167968607 -0.725078301903 -79.7827148295 -0.681136299323 -79.7827148295 -0.681136299323 -79.826660142 -0.659165146171 -79.826660142 -0.659165146171 -79.8486327982 -0.681136299323 -79.8486327982 -0.681136299323 -79.8706054544 -0.790990498012 -79.8706054544 -0.790990498012 -79.8925781107 -0.834931385893 -79.8925781107 -0.834931385893 -79.9584960794 -0.856901647286 -79.9584960794");
);
out body;
>;
out skel qt;

[out:json][diff:"2016-04-28T11:00:00Z","2016-04-28T21:00:00Z"];
(
way["highway"="path"](poly:"-0.856901647286 -80.1123046731 -0.834931385893 -80.1123046731 -0.834931385893 -80.2001952981 -0.790990498012 -80.2001952981 -0.790990498012 -80.1782226419 -0.769019877984 -80.1782226419 -0.769019877984 -80.2441406106 -0.725078301903 -80.2441406106 -0.725078301903 -80.2880859231 -0.615222552297 -80.2880859231 -0.615222552297 -80.2221679544 -0.461420793448 -80.2221679544 -0.461420793448 -80.2001952981 -0.439448816335 -80.2001952981 -0.439448816335 -80.1123046731 -0.395504671461 -80.1123046731 -0.395504671461 -80.1342773294 -0.351560293929 -80.1342773294 -0.351560293929 -80.1123046731 -0.307615709589 -80.1123046731 -0.307615709589 -80.0903320169 -0.263670944289 -80.0903320169 -0.263670944289 -80.0683593607 -0.175780974216 -80.0683593607 -0.175780974216 -80.0463867044 -0.153808408989 -80.0463867044 -0.153808408989 -80.0024413919 -0.131835821143 -80.0024413919 -0.131835821143 -79.9804687357 -0.0659179541965 -79.9804687357 -0.0659179541965 -79.9584960794 -0.0439453081835 -79.9584960794 -0.0439453081835 -79.9365234232 -0.0219726557075 -79.9365234232 -0.0219726557075 -79.8706054544 0.0219726557075 -79.8706054544 0.0219726557075 -79.8046874857 -0.153808408989 -79.8046874857 -0.153808408989 -79.826660142 -0.175780974216 -79.826660142 -0.175780974216 -79.8706054544 -0.241698501858 -79.8706054544 -0.241698501858 -79.9365234232 -0.395504671461 -79.9365234232 -0.395504671461 -79.9584960794 -0.417476774596 -79.9584960794 -0.417476774596 -79.9804687357 -0.439448816335 -79.9804687357 -0.439448816335 -80.0024413919 -0.461420793448 -80.0024413919 -0.461420793448 -79.9365234232 -0.50536454087 -79.9365234232 -0.50536454087 -79.9145507669 -0.461420793448 -79.9145507669 -0.461420793448 -79.8706054544 -0.483392702703 -79.8706054544 -0.483392702703 -79.826660142 -0.50536454087 -79.826660142 -0.50536454087 -79.738769517 -0.461420793448 -79.738769517 -0.461420793448 -79.7167968607 -0.439448816335 -79.7167968607 -0.439448816335 -79.6728515482 -0.461420793448 -79.6728515482 -0.461420793448 -79.650878892 -0.549307991014 -79.650878892 -0.549307991014 -79.6289062357 -0.57127959653 -79.6289062357 -0.57127959653 -79.6069335795 -0.703107352311 -79.6069335795 -0.703107352311 -79.6289062357 -0.769019877984 -79.6289062357 -0.769019877984 -79.650878892 -0.790990498012 -79.650878892 -0.790990498012 -79.6948242045 -0.747049144871 -79.6948242045 -0.747049144871 -79.7167968607 -0.725078301903 -79.7167968607 -0.725078301903 -79.7827148295 -0.681136299323 -79.7827148295 -0.681136299323 -79.826660142 -0.659165146171 -79.826660142 -0.659165146171 -79.8486327982 -0.681136299323 -79.8486327982 -0.681136299323 -79.8706054544 -0.790990498012 -79.8706054544 -0.790990498012 -79.8925781107 -0.834931385893 -79.8925781107 -0.834931385893 -79.9584960794 -0.856901647286 -79.9584960794");
);
out body;
>;
out skel qt;


[out:json][diff:"2016-04-28T11:00:00Z","2016-04-28T21:00:00Z"];
(
way["highway"="service"](poly:"-0.856901647286 -80.1123046731 -0.834931385893 -80.1123046731 -0.834931385893 -80.2001952981 -0.790990498012 -80.2001952981 -0.790990498012 -80.1782226419 -0.769019877984 -80.1782226419 -0.769019877984 -80.2441406106 -0.725078301903 -80.2441406106 -0.725078301903 -80.2880859231 -0.615222552297 -80.2880859231 -0.615222552297 -80.2221679544 -0.461420793448 -80.2221679544 -0.461420793448 -80.2001952981 -0.439448816335 -80.2001952981 -0.439448816335 -80.1123046731 -0.395504671461 -80.1123046731 -0.395504671461 -80.1342773294 -0.351560293929 -80.1342773294 -0.351560293929 -80.1123046731 -0.307615709589 -80.1123046731 -0.307615709589 -80.0903320169 -0.263670944289 -80.0903320169 -0.263670944289 -80.0683593607 -0.175780974216 -80.0683593607 -0.175780974216 -80.0463867044 -0.153808408989 -80.0463867044 -0.153808408989 -80.0024413919 -0.131835821143 -80.0024413919 -0.131835821143 -79.9804687357 -0.0659179541965 -79.9804687357 -0.0659179541965 -79.9584960794 -0.0439453081835 -79.9584960794 -0.0439453081835 -79.9365234232 -0.0219726557075 -79.9365234232 -0.0219726557075 -79.8706054544 0.0219726557075 -79.8706054544 0.0219726557075 -79.8046874857 -0.153808408989 -79.8046874857 -0.153808408989 -79.826660142 -0.175780974216 -79.826660142 -0.175780974216 -79.8706054544 -0.241698501858 -79.8706054544 -0.241698501858 -79.9365234232 -0.395504671461 -79.9365234232 -0.395504671461 -79.9584960794 -0.417476774596 -79.9584960794 -0.417476774596 -79.9804687357 -0.439448816335 -79.9804687357 -0.439448816335 -80.0024413919 -0.461420793448 -80.0024413919 -0.461420793448 -79.9365234232 -0.50536454087 -79.9365234232 -0.50536454087 -79.9145507669 -0.461420793448 -79.9145507669 -0.461420793448 -79.8706054544 -0.483392702703 -79.8706054544 -0.483392702703 -79.826660142 -0.50536454087 -79.826660142 -0.50536454087 -79.738769517 -0.461420793448 -79.738769517 -0.461420793448 -79.7167968607 -0.439448816335 -79.7167968607 -0.439448816335 -79.6728515482 -0.461420793448 -79.6728515482 -0.461420793448 -79.650878892 -0.549307991014 -79.650878892 -0.549307991014 -79.6289062357 -0.57127959653 -79.6289062357 -0.57127959653 -79.6069335795 -0.703107352311 -79.6069335795 -0.703107352311 -79.6289062357 -0.769019877984 -79.6289062357 -0.769019877984 -79.650878892 -0.790990498012 -79.650878892 -0.790990498012 -79.6948242045 -0.747049144871 -79.6948242045 -0.747049144871 -79.7167968607 -0.725078301903 -79.7167968607 -0.725078301903 -79.7827148295 -0.681136299323 -79.7827148295 -0.681136299323 -79.826660142 -0.659165146171 -79.826660142 -0.659165146171 -79.8486327982 -0.681136299323 -79.8486327982 -0.681136299323 -79.8706054544 -0.790990498012 -79.8706054544 -0.790990498012 -79.8925781107 -0.834931385893 -79.8925781107 -0.834931385893 -79.9584960794 -0.856901647286 -79.9584960794");
);
out body;
>;
out skel qt;


// Notice the 3600 second timeout for the query

[timeout:3600][out:json][diff:"2016-04-28T11:00:00Z","2016-04-28T21:00:00Z"];
(
way["building"="yes"](poly:"-0.856901647286 -80.1123046731 -0.834931385893 -80.1123046731 -0.834931385893 -80.2001952981 -0.790990498012 -80.2001952981 -0.790990498012 -80.1782226419 -0.769019877984 -80.1782226419 -0.769019877984 -80.2441406106 -0.725078301903 -80.2441406106 -0.725078301903 -80.2880859231 -0.615222552297 -80.2880859231 -0.615222552297 -80.2221679544 -0.461420793448 -80.2221679544 -0.461420793448 -80.2001952981 -0.439448816335 -80.2001952981 -0.439448816335 -80.1123046731 -0.395504671461 -80.1123046731 -0.395504671461 -80.1342773294 -0.351560293929 -80.1342773294 -0.351560293929 -80.1123046731 -0.307615709589 -80.1123046731 -0.307615709589 -80.0903320169 -0.263670944289 -80.0903320169 -0.263670944289 -80.0683593607 -0.175780974216 -80.0683593607 -0.175780974216 -80.0463867044 -0.153808408989 -80.0463867044 -0.153808408989 -80.0024413919 -0.131835821143 -80.0024413919 -0.131835821143 -79.9804687357 -0.0659179541965 -79.9804687357 -0.0659179541965 -79.9584960794 -0.0439453081835 -79.9584960794 -0.0439453081835 -79.9365234232 -0.0219726557075 -79.9365234232 -0.0219726557075 -79.8706054544 0.0219726557075 -79.8706054544 0.0219726557075 -79.8046874857 -0.153808408989 -79.8046874857 -0.153808408989 -79.826660142 -0.175780974216 -79.826660142 -0.175780974216 -79.8706054544 -0.241698501858 -79.8706054544 -0.241698501858 -79.9365234232 -0.395504671461 -79.9365234232 -0.395504671461 -79.9584960794 -0.417476774596 -79.9584960794 -0.417476774596 -79.9804687357 -0.439448816335 -79.9804687357 -0.439448816335 -80.0024413919 -0.461420793448 -80.0024413919 -0.461420793448 -79.9365234232 -0.50536454087 -79.9365234232 -0.50536454087 -79.9145507669 -0.461420793448 -79.9145507669 -0.461420793448 -79.8706054544 -0.483392702703 -79.8706054544 -0.483392702703 -79.826660142 -0.50536454087 -79.826660142 -0.50536454087 -79.738769517 -0.461420793448 -79.738769517 -0.461420793448 -79.7167968607 -0.439448816335 -79.7167968607 -0.439448816335 -79.6728515482 -0.461420793448 -79.6728515482 -0.461420793448 -79.650878892 -0.549307991014 -79.650878892 -0.549307991014 -79.6289062357 -0.57127959653 -79.6289062357 -0.57127959653 -79.6069335795 -0.703107352311 -79.6069335795 -0.703107352311 -79.6289062357 -0.769019877984 -79.6289062357 -0.769019877984 -79.650878892 -0.790990498012 -79.650878892 -0.790990498012 -79.6948242045 -0.747049144871 -79.6948242045 -0.747049144871 -79.7167968607 -0.725078301903 -79.7167968607 -0.725078301903 -79.7827148295 -0.681136299323 -79.7827148295 -0.681136299323 -79.826660142 -0.659165146171 -79.826660142 -0.659165146171 -79.8486327982 -0.681136299323 -79.8486327982 -0.681136299323 -79.8706054544 -0.790990498012 -79.8706054544 -0.790990498012 -79.8925781107 -0.834931385893 -79.8925781107 -0.834931385893 -79.9584960794 -0.856901647286 -79.9584960794");
);
out body;
>;
out skel qt;

[out:json][diff:"2016-04-28T11:00:00Z","2016-04-28T21:00:00Z"];
(
way["landuse"="residential"](poly:"-0.856901647286 -80.1123046731 -0.834931385893 -80.1123046731 -0.834931385893 -80.2001952981 -0.790990498012 -80.2001952981 -0.790990498012 -80.1782226419 -0.769019877984 -80.1782226419 -0.769019877984 -80.2441406106 -0.725078301903 -80.2441406106 -0.725078301903 -80.2880859231 -0.615222552297 -80.2880859231 -0.615222552297 -80.2221679544 -0.461420793448 -80.2221679544 -0.461420793448 -80.2001952981 -0.439448816335 -80.2001952981 -0.439448816335 -80.1123046731 -0.395504671461 -80.1123046731 -0.395504671461 -80.1342773294 -0.351560293929 -80.1342773294 -0.351560293929 -80.1123046731 -0.307615709589 -80.1123046731 -0.307615709589 -80.0903320169 -0.263670944289 -80.0903320169 -0.263670944289 -80.0683593607 -0.175780974216 -80.0683593607 -0.175780974216 -80.0463867044 -0.153808408989 -80.0463867044 -0.153808408989 -80.0024413919 -0.131835821143 -80.0024413919 -0.131835821143 -79.9804687357 -0.0659179541965 -79.9804687357 -0.0659179541965 -79.9584960794 -0.0439453081835 -79.9584960794 -0.0439453081835 -79.9365234232 -0.0219726557075 -79.9365234232 -0.0219726557075 -79.8706054544 0.0219726557075 -79.8706054544 0.0219726557075 -79.8046874857 -0.153808408989 -79.8046874857 -0.153808408989 -79.826660142 -0.175780974216 -79.826660142 -0.175780974216 -79.8706054544 -0.241698501858 -79.8706054544 -0.241698501858 -79.9365234232 -0.395504671461 -79.9365234232 -0.395504671461 -79.9584960794 -0.417476774596 -79.9584960794 -0.417476774596 -79.9804687357 -0.439448816335 -79.9804687357 -0.439448816335 -80.0024413919 -0.461420793448 -80.0024413919 -0.461420793448 -79.9365234232 -0.50536454087 -79.9365234232 -0.50536454087 -79.9145507669 -0.461420793448 -79.9145507669 -0.461420793448 -79.8706054544 -0.483392702703 -79.8706054544 -0.483392702703 -79.826660142 -0.50536454087 -79.826660142 -0.50536454087 -79.738769517 -0.461420793448 -79.738769517 -0.461420793448 -79.7167968607 -0.439448816335 -79.7167968607 -0.439448816335 -79.6728515482 -0.461420793448 -79.6728515482 -0.461420793448 -79.650878892 -0.549307991014 -79.650878892 -0.549307991014 -79.6289062357 -0.57127959653 -79.6289062357 -0.57127959653 -79.6069335795 -0.703107352311 -79.6069335795 -0.703107352311 -79.6289062357 -0.769019877984 -79.6289062357 -0.769019877984 -79.650878892 -0.790990498012 -79.650878892 -0.790990498012 -79.6948242045 -0.747049144871 -79.6948242045 -0.747049144871 -79.7167968607 -0.725078301903 -79.7167968607 -0.725078301903 -79.7827148295 -0.681136299323 -79.7827148295 -0.681136299323 -79.826660142 -0.659165146171 -79.826660142 -0.659165146171 -79.8486327982 -0.681136299323 -79.8486327982 -0.681136299323 -79.8706054544 -0.790990498012 -79.8706054544 -0.790990498012 -79.8925781107 -0.834931385893 -79.8925781107 -0.834931385893 -79.9584960794 -0.856901647286 -79.9584960794");
);
out body;
>;
out skel qt;

//
// Meta data
//

To get with meta data (includes osm usernames) but without node locations:

[timeout:36000][out:json][diff:"2016-04-28T11:00:00Z","2016-04-28T21:00:00Z"];
(
way["highway"="primary"](poly:"-0.856901647286 -80.1123046731 -0.834931385893 -80.1123046731 -0.834931385893 -80.2001952981 -0.790990498012 -80.2001952981 -0.790990498012 -80.1782226419 -0.769019877984 -80.1782226419 -0.769019877984 -80.2441406106 -0.725078301903 -80.2441406106 -0.725078301903 -80.2880859231 -0.615222552297 -80.2880859231 -0.615222552297 -80.2221679544 -0.461420793448 -80.2221679544 -0.461420793448 -80.2001952981 -0.439448816335 -80.2001952981 -0.439448816335 -80.1123046731 -0.395504671461 -80.1123046731 -0.395504671461 -80.1342773294 -0.351560293929 -80.1342773294 -0.351560293929 -80.1123046731 -0.307615709589 -80.1123046731 -0.307615709589 -80.0903320169 -0.263670944289 -80.0903320169 -0.263670944289 -80.0683593607 -0.175780974216 -80.0683593607 -0.175780974216 -80.0463867044 -0.153808408989 -80.0463867044 -0.153808408989 -80.0024413919 -0.131835821143 -80.0024413919 -0.131835821143 -79.9804687357 -0.0659179541965 -79.9804687357 -0.0659179541965 -79.9584960794 -0.0439453081835 -79.9584960794 -0.0439453081835 -79.9365234232 -0.0219726557075 -79.9365234232 -0.0219726557075 -79.8706054544 0.0219726557075 -79.8706054544 0.0219726557075 -79.8046874857 -0.153808408989 -79.8046874857 -0.153808408989 -79.826660142 -0.175780974216 -79.826660142 -0.175780974216 -79.8706054544 -0.241698501858 -79.8706054544 -0.241698501858 -79.9365234232 -0.395504671461 -79.9365234232 -0.395504671461 -79.9584960794 -0.417476774596 -79.9584960794 -0.417476774596 -79.9804687357 -0.439448816335 -79.9804687357 -0.439448816335 -80.0024413919 -0.461420793448 -80.0024413919 -0.461420793448 -79.9365234232 -0.50536454087 -79.9365234232 -0.50536454087 -79.9145507669 -0.461420793448 -79.9145507669 -0.461420793448 -79.8706054544 -0.483392702703 -79.8706054544 -0.483392702703 -79.826660142 -0.50536454087 -79.826660142 -0.50536454087 -79.738769517 -0.461420793448 -79.738769517 -0.461420793448 -79.7167968607 -0.439448816335 -79.7167968607 -0.439448816335 -79.6728515482 -0.461420793448 -79.6728515482 -0.461420793448 -79.650878892 -0.549307991014 -79.650878892 -0.549307991014 -79.6289062357 -0.57127959653 -79.6289062357 -0.57127959653 -79.6069335795 -0.703107352311 -79.6069335795 -0.703107352311 -79.6289062357 -0.769019877984 -79.6289062357 -0.769019877984 -79.650878892 -0.790990498012 -79.650878892 -0.790990498012 -79.6948242045 -0.747049144871 -79.6948242045 -0.747049144871 -79.7167968607 -0.725078301903 -79.7167968607 -0.725078301903 -79.7827148295 -0.681136299323 -79.7827148295 -0.681136299323 -79.826660142 -0.659165146171 -79.826660142 -0.659165146171 -79.8486327982 -0.681136299323 -79.8486327982 -0.681136299323 -79.8706054544 -0.790990498012 -79.8706054544 -0.790990498012 -79.8925781107 -0.834931385893 -79.8925781107 -0.834931385893 -79.9584960794 -0.856901647286 -79.9584960794");
);
out meta;

[timeout:36000][out:json][diff:"2016-04-28T11:00:00Z","2016-04-28T21:00:00Z"];
(
way["highway"="secondary"](poly:"-0.856901647286 -80.1123046731 -0.834931385893 -80.1123046731 -0.834931385893 -80.2001952981 -0.790990498012 -80.2001952981 -0.790990498012 -80.1782226419 -0.769019877984 -80.1782226419 -0.769019877984 -80.2441406106 -0.725078301903 -80.2441406106 -0.725078301903 -80.2880859231 -0.615222552297 -80.2880859231 -0.615222552297 -80.2221679544 -0.461420793448 -80.2221679544 -0.461420793448 -80.2001952981 -0.439448816335 -80.2001952981 -0.439448816335 -80.1123046731 -0.395504671461 -80.1123046731 -0.395504671461 -80.1342773294 -0.351560293929 -80.1342773294 -0.351560293929 -80.1123046731 -0.307615709589 -80.1123046731 -0.307615709589 -80.0903320169 -0.263670944289 -80.0903320169 -0.263670944289 -80.0683593607 -0.175780974216 -80.0683593607 -0.175780974216 -80.0463867044 -0.153808408989 -80.0463867044 -0.153808408989 -80.0024413919 -0.131835821143 -80.0024413919 -0.131835821143 -79.9804687357 -0.0659179541965 -79.9804687357 -0.0659179541965 -79.9584960794 -0.0439453081835 -79.9584960794 -0.0439453081835 -79.9365234232 -0.0219726557075 -79.9365234232 -0.0219726557075 -79.8706054544 0.0219726557075 -79.8706054544 0.0219726557075 -79.8046874857 -0.153808408989 -79.8046874857 -0.153808408989 -79.826660142 -0.175780974216 -79.826660142 -0.175780974216 -79.8706054544 -0.241698501858 -79.8706054544 -0.241698501858 -79.9365234232 -0.395504671461 -79.9365234232 -0.395504671461 -79.9584960794 -0.417476774596 -79.9584960794 -0.417476774596 -79.9804687357 -0.439448816335 -79.9804687357 -0.439448816335 -80.0024413919 -0.461420793448 -80.0024413919 -0.461420793448 -79.9365234232 -0.50536454087 -79.9365234232 -0.50536454087 -79.9145507669 -0.461420793448 -79.9145507669 -0.461420793448 -79.8706054544 -0.483392702703 -79.8706054544 -0.483392702703 -79.826660142 -0.50536454087 -79.826660142 -0.50536454087 -79.738769517 -0.461420793448 -79.738769517 -0.461420793448 -79.7167968607 -0.439448816335 -79.7167968607 -0.439448816335 -79.6728515482 -0.461420793448 -79.6728515482 -0.461420793448 -79.650878892 -0.549307991014 -79.650878892 -0.549307991014 -79.6289062357 -0.57127959653 -79.6289062357 -0.57127959653 -79.6069335795 -0.703107352311 -79.6069335795 -0.703107352311 -79.6289062357 -0.769019877984 -79.6289062357 -0.769019877984 -79.650878892 -0.790990498012 -79.650878892 -0.790990498012 -79.6948242045 -0.747049144871 -79.6948242045 -0.747049144871 -79.7167968607 -0.725078301903 -79.7167968607 -0.725078301903 -79.7827148295 -0.681136299323 -79.7827148295 -0.681136299323 -79.826660142 -0.659165146171 -79.826660142 -0.659165146171 -79.8486327982 -0.681136299323 -79.8486327982 -0.681136299323 -79.8706054544 -0.790990498012 -79.8706054544 -0.790990498012 -79.8925781107 -0.834931385893 -79.8925781107 -0.834931385893 -79.9584960794 -0.856901647286 -79.9584960794");
);
out meta;

[timeout:36000][out:json][diff:"2016-04-28T11:00:00Z","2016-04-28T21:00:00Z"];
(
way["highway"="tertiary"](poly:"-0.856901647286 -80.1123046731 -0.834931385893 -80.1123046731 -0.834931385893 -80.2001952981 -0.790990498012 -80.2001952981 -0.790990498012 -80.1782226419 -0.769019877984 -80.1782226419 -0.769019877984 -80.2441406106 -0.725078301903 -80.2441406106 -0.725078301903 -80.2880859231 -0.615222552297 -80.2880859231 -0.615222552297 -80.2221679544 -0.461420793448 -80.2221679544 -0.461420793448 -80.2001952981 -0.439448816335 -80.2001952981 -0.439448816335 -80.1123046731 -0.395504671461 -80.1123046731 -0.395504671461 -80.1342773294 -0.351560293929 -80.1342773294 -0.351560293929 -80.1123046731 -0.307615709589 -80.1123046731 -0.307615709589 -80.0903320169 -0.263670944289 -80.0903320169 -0.263670944289 -80.0683593607 -0.175780974216 -80.0683593607 -0.175780974216 -80.0463867044 -0.153808408989 -80.0463867044 -0.153808408989 -80.0024413919 -0.131835821143 -80.0024413919 -0.131835821143 -79.9804687357 -0.0659179541965 -79.9804687357 -0.0659179541965 -79.9584960794 -0.0439453081835 -79.9584960794 -0.0439453081835 -79.9365234232 -0.0219726557075 -79.9365234232 -0.0219726557075 -79.8706054544 0.0219726557075 -79.8706054544 0.0219726557075 -79.8046874857 -0.153808408989 -79.8046874857 -0.153808408989 -79.826660142 -0.175780974216 -79.826660142 -0.175780974216 -79.8706054544 -0.241698501858 -79.8706054544 -0.241698501858 -79.9365234232 -0.395504671461 -79.9365234232 -0.395504671461 -79.9584960794 -0.417476774596 -79.9584960794 -0.417476774596 -79.9804687357 -0.439448816335 -79.9804687357 -0.439448816335 -80.0024413919 -0.461420793448 -80.0024413919 -0.461420793448 -79.9365234232 -0.50536454087 -79.9365234232 -0.50536454087 -79.9145507669 -0.461420793448 -79.9145507669 -0.461420793448 -79.8706054544 -0.483392702703 -79.8706054544 -0.483392702703 -79.826660142 -0.50536454087 -79.826660142 -0.50536454087 -79.738769517 -0.461420793448 -79.738769517 -0.461420793448 -79.7167968607 -0.439448816335 -79.7167968607 -0.439448816335 -79.6728515482 -0.461420793448 -79.6728515482 -0.461420793448 -79.650878892 -0.549307991014 -79.650878892 -0.549307991014 -79.6289062357 -0.57127959653 -79.6289062357 -0.57127959653 -79.6069335795 -0.703107352311 -79.6069335795 -0.703107352311 -79.6289062357 -0.769019877984 -79.6289062357 -0.769019877984 -79.650878892 -0.790990498012 -79.650878892 -0.790990498012 -79.6948242045 -0.747049144871 -79.6948242045 -0.747049144871 -79.7167968607 -0.725078301903 -79.7167968607 -0.725078301903 -79.7827148295 -0.681136299323 -79.7827148295 -0.681136299323 -79.826660142 -0.659165146171 -79.826660142 -0.659165146171 -79.8486327982 -0.681136299323 -79.8486327982 -0.681136299323 -79.8706054544 -0.790990498012 -79.8706054544 -0.790990498012 -79.8925781107 -0.834931385893 -79.8925781107 -0.834931385893 -79.9584960794 -0.856901647286 -79.9584960794");
);
out meta;

[timeout:36000][out:json][diff:"2016-04-28T11:00:00Z","2016-04-28T21:00:00Z"];
(
way["highway"="unclassified"](poly:"-0.856901647286 -80.1123046731 -0.834931385893 -80.1123046731 -0.834931385893 -80.2001952981 -0.790990498012 -80.2001952981 -0.790990498012 -80.1782226419 -0.769019877984 -80.1782226419 -0.769019877984 -80.2441406106 -0.725078301903 -80.2441406106 -0.725078301903 -80.2880859231 -0.615222552297 -80.2880859231 -0.615222552297 -80.2221679544 -0.461420793448 -80.2221679544 -0.461420793448 -80.2001952981 -0.439448816335 -80.2001952981 -0.439448816335 -80.1123046731 -0.395504671461 -80.1123046731 -0.395504671461 -80.1342773294 -0.351560293929 -80.1342773294 -0.351560293929 -80.1123046731 -0.307615709589 -80.1123046731 -0.307615709589 -80.0903320169 -0.263670944289 -80.0903320169 -0.263670944289 -80.0683593607 -0.175780974216 -80.0683593607 -0.175780974216 -80.0463867044 -0.153808408989 -80.0463867044 -0.153808408989 -80.0024413919 -0.131835821143 -80.0024413919 -0.131835821143 -79.9804687357 -0.0659179541965 -79.9804687357 -0.0659179541965 -79.9584960794 -0.0439453081835 -79.9584960794 -0.0439453081835 -79.9365234232 -0.0219726557075 -79.9365234232 -0.0219726557075 -79.8706054544 0.0219726557075 -79.8706054544 0.0219726557075 -79.8046874857 -0.153808408989 -79.8046874857 -0.153808408989 -79.826660142 -0.175780974216 -79.826660142 -0.175780974216 -79.8706054544 -0.241698501858 -79.8706054544 -0.241698501858 -79.9365234232 -0.395504671461 -79.9365234232 -0.395504671461 -79.9584960794 -0.417476774596 -79.9584960794 -0.417476774596 -79.9804687357 -0.439448816335 -79.9804687357 -0.439448816335 -80.0024413919 -0.461420793448 -80.0024413919 -0.461420793448 -79.9365234232 -0.50536454087 -79.9365234232 -0.50536454087 -79.9145507669 -0.461420793448 -79.9145507669 -0.461420793448 -79.8706054544 -0.483392702703 -79.8706054544 -0.483392702703 -79.826660142 -0.50536454087 -79.826660142 -0.50536454087 -79.738769517 -0.461420793448 -79.738769517 -0.461420793448 -79.7167968607 -0.439448816335 -79.7167968607 -0.439448816335 -79.6728515482 -0.461420793448 -79.6728515482 -0.461420793448 -79.650878892 -0.549307991014 -79.650878892 -0.549307991014 -79.6289062357 -0.57127959653 -79.6289062357 -0.57127959653 -79.6069335795 -0.703107352311 -79.6069335795 -0.703107352311 -79.6289062357 -0.769019877984 -79.6289062357 -0.769019877984 -79.650878892 -0.790990498012 -79.650878892 -0.790990498012 -79.6948242045 -0.747049144871 -79.6948242045 -0.747049144871 -79.7167968607 -0.725078301903 -79.7167968607 -0.725078301903 -79.7827148295 -0.681136299323 -79.7827148295 -0.681136299323 -79.826660142 -0.659165146171 -79.826660142 -0.659165146171 -79.8486327982 -0.681136299323 -79.8486327982 -0.681136299323 -79.8706054544 -0.790990498012 -79.8706054544 -0.790990498012 -79.8925781107 -0.834931385893 -79.8925781107 -0.834931385893 -79.9584960794 -0.856901647286 -79.9584960794");
);
out meta;

[timeout:36000][out:json][diff:"2016-04-28T11:00:00Z","2016-04-28T21:00:00Z"];
(
way["highway"="track"](poly:"-0.856901647286 -80.1123046731 -0.834931385893 -80.1123046731 -0.834931385893 -80.2001952981 -0.790990498012 -80.2001952981 -0.790990498012 -80.1782226419 -0.769019877984 -80.1782226419 -0.769019877984 -80.2441406106 -0.725078301903 -80.2441406106 -0.725078301903 -80.2880859231 -0.615222552297 -80.2880859231 -0.615222552297 -80.2221679544 -0.461420793448 -80.2221679544 -0.461420793448 -80.2001952981 -0.439448816335 -80.2001952981 -0.439448816335 -80.1123046731 -0.395504671461 -80.1123046731 -0.395504671461 -80.1342773294 -0.351560293929 -80.1342773294 -0.351560293929 -80.1123046731 -0.307615709589 -80.1123046731 -0.307615709589 -80.0903320169 -0.263670944289 -80.0903320169 -0.263670944289 -80.0683593607 -0.175780974216 -80.0683593607 -0.175780974216 -80.0463867044 -0.153808408989 -80.0463867044 -0.153808408989 -80.0024413919 -0.131835821143 -80.0024413919 -0.131835821143 -79.9804687357 -0.0659179541965 -79.9804687357 -0.0659179541965 -79.9584960794 -0.0439453081835 -79.9584960794 -0.0439453081835 -79.9365234232 -0.0219726557075 -79.9365234232 -0.0219726557075 -79.8706054544 0.0219726557075 -79.8706054544 0.0219726557075 -79.8046874857 -0.153808408989 -79.8046874857 -0.153808408989 -79.826660142 -0.175780974216 -79.826660142 -0.175780974216 -79.8706054544 -0.241698501858 -79.8706054544 -0.241698501858 -79.9365234232 -0.395504671461 -79.9365234232 -0.395504671461 -79.9584960794 -0.417476774596 -79.9584960794 -0.417476774596 -79.9804687357 -0.439448816335 -79.9804687357 -0.439448816335 -80.0024413919 -0.461420793448 -80.0024413919 -0.461420793448 -79.9365234232 -0.50536454087 -79.9365234232 -0.50536454087 -79.9145507669 -0.461420793448 -79.9145507669 -0.461420793448 -79.8706054544 -0.483392702703 -79.8706054544 -0.483392702703 -79.826660142 -0.50536454087 -79.826660142 -0.50536454087 -79.738769517 -0.461420793448 -79.738769517 -0.461420793448 -79.7167968607 -0.439448816335 -79.7167968607 -0.439448816335 -79.6728515482 -0.461420793448 -79.6728515482 -0.461420793448 -79.650878892 -0.549307991014 -79.650878892 -0.549307991014 -79.6289062357 -0.57127959653 -79.6289062357 -0.57127959653 -79.6069335795 -0.703107352311 -79.6069335795 -0.703107352311 -79.6289062357 -0.769019877984 -79.6289062357 -0.769019877984 -79.650878892 -0.790990498012 -79.650878892 -0.790990498012 -79.6948242045 -0.747049144871 -79.6948242045 -0.747049144871 -79.7167968607 -0.725078301903 -79.7167968607 -0.725078301903 -79.7827148295 -0.681136299323 -79.7827148295 -0.681136299323 -79.826660142 -0.659165146171 -79.826660142 -0.659165146171 -79.8486327982 -0.681136299323 -79.8486327982 -0.681136299323 -79.8706054544 -0.790990498012 -79.8706054544 -0.790990498012 -79.8925781107 -0.834931385893 -79.8925781107 -0.834931385893 -79.9584960794 -0.856901647286 -79.9584960794");
);
out meta;

[timeout:36000][out:json][diff:"2016-04-28T11:00:00Z","2016-04-28T21:00:00Z"];
(
way["highway"="path"](poly:"-0.856901647286 -80.1123046731 -0.834931385893 -80.1123046731 -0.834931385893 -80.2001952981 -0.790990498012 -80.2001952981 -0.790990498012 -80.1782226419 -0.769019877984 -80.1782226419 -0.769019877984 -80.2441406106 -0.725078301903 -80.2441406106 -0.725078301903 -80.2880859231 -0.615222552297 -80.2880859231 -0.615222552297 -80.2221679544 -0.461420793448 -80.2221679544 -0.461420793448 -80.2001952981 -0.439448816335 -80.2001952981 -0.439448816335 -80.1123046731 -0.395504671461 -80.1123046731 -0.395504671461 -80.1342773294 -0.351560293929 -80.1342773294 -0.351560293929 -80.1123046731 -0.307615709589 -80.1123046731 -0.307615709589 -80.0903320169 -0.263670944289 -80.0903320169 -0.263670944289 -80.0683593607 -0.175780974216 -80.0683593607 -0.175780974216 -80.0463867044 -0.153808408989 -80.0463867044 -0.153808408989 -80.0024413919 -0.131835821143 -80.0024413919 -0.131835821143 -79.9804687357 -0.0659179541965 -79.9804687357 -0.0659179541965 -79.9584960794 -0.0439453081835 -79.9584960794 -0.0439453081835 -79.9365234232 -0.0219726557075 -79.9365234232 -0.0219726557075 -79.8706054544 0.0219726557075 -79.8706054544 0.0219726557075 -79.8046874857 -0.153808408989 -79.8046874857 -0.153808408989 -79.826660142 -0.175780974216 -79.826660142 -0.175780974216 -79.8706054544 -0.241698501858 -79.8706054544 -0.241698501858 -79.9365234232 -0.395504671461 -79.9365234232 -0.395504671461 -79.9584960794 -0.417476774596 -79.9584960794 -0.417476774596 -79.9804687357 -0.439448816335 -79.9804687357 -0.439448816335 -80.0024413919 -0.461420793448 -80.0024413919 -0.461420793448 -79.9365234232 -0.50536454087 -79.9365234232 -0.50536454087 -79.9145507669 -0.461420793448 -79.9145507669 -0.461420793448 -79.8706054544 -0.483392702703 -79.8706054544 -0.483392702703 -79.826660142 -0.50536454087 -79.826660142 -0.50536454087 -79.738769517 -0.461420793448 -79.738769517 -0.461420793448 -79.7167968607 -0.439448816335 -79.7167968607 -0.439448816335 -79.6728515482 -0.461420793448 -79.6728515482 -0.461420793448 -79.650878892 -0.549307991014 -79.650878892 -0.549307991014 -79.6289062357 -0.57127959653 -79.6289062357 -0.57127959653 -79.6069335795 -0.703107352311 -79.6069335795 -0.703107352311 -79.6289062357 -0.769019877984 -79.6289062357 -0.769019877984 -79.650878892 -0.790990498012 -79.650878892 -0.790990498012 -79.6948242045 -0.747049144871 -79.6948242045 -0.747049144871 -79.7167968607 -0.725078301903 -79.7167968607 -0.725078301903 -79.7827148295 -0.681136299323 -79.7827148295 -0.681136299323 -79.826660142 -0.659165146171 -79.826660142 -0.659165146171 -79.8486327982 -0.681136299323 -79.8486327982 -0.681136299323 -79.8706054544 -0.790990498012 -79.8706054544 -0.790990498012 -79.8925781107 -0.834931385893 -79.8925781107 -0.834931385893 -79.9584960794 -0.856901647286 -79.9584960794");
);
out meta;

[timeout:36000][out:json][diff:"2016-04-28T11:00:00Z","2016-04-28T21:00:00Z"];
(
way["highway"="service"](poly:"-0.856901647286 -80.1123046731 -0.834931385893 -80.1123046731 -0.834931385893 -80.2001952981 -0.790990498012 -80.2001952981 -0.790990498012 -80.1782226419 -0.769019877984 -80.1782226419 -0.769019877984 -80.2441406106 -0.725078301903 -80.2441406106 -0.725078301903 -80.2880859231 -0.615222552297 -80.2880859231 -0.615222552297 -80.2221679544 -0.461420793448 -80.2221679544 -0.461420793448 -80.2001952981 -0.439448816335 -80.2001952981 -0.439448816335 -80.1123046731 -0.395504671461 -80.1123046731 -0.395504671461 -80.1342773294 -0.351560293929 -80.1342773294 -0.351560293929 -80.1123046731 -0.307615709589 -80.1123046731 -0.307615709589 -80.0903320169 -0.263670944289 -80.0903320169 -0.263670944289 -80.0683593607 -0.175780974216 -80.0683593607 -0.175780974216 -80.0463867044 -0.153808408989 -80.0463867044 -0.153808408989 -80.0024413919 -0.131835821143 -80.0024413919 -0.131835821143 -79.9804687357 -0.0659179541965 -79.9804687357 -0.0659179541965 -79.9584960794 -0.0439453081835 -79.9584960794 -0.0439453081835 -79.9365234232 -0.0219726557075 -79.9365234232 -0.0219726557075 -79.8706054544 0.0219726557075 -79.8706054544 0.0219726557075 -79.8046874857 -0.153808408989 -79.8046874857 -0.153808408989 -79.826660142 -0.175780974216 -79.826660142 -0.175780974216 -79.8706054544 -0.241698501858 -79.8706054544 -0.241698501858 -79.9365234232 -0.395504671461 -79.9365234232 -0.395504671461 -79.9584960794 -0.417476774596 -79.9584960794 -0.417476774596 -79.9804687357 -0.439448816335 -79.9804687357 -0.439448816335 -80.0024413919 -0.461420793448 -80.0024413919 -0.461420793448 -79.9365234232 -0.50536454087 -79.9365234232 -0.50536454087 -79.9145507669 -0.461420793448 -79.9145507669 -0.461420793448 -79.8706054544 -0.483392702703 -79.8706054544 -0.483392702703 -79.826660142 -0.50536454087 -79.826660142 -0.50536454087 -79.738769517 -0.461420793448 -79.738769517 -0.461420793448 -79.7167968607 -0.439448816335 -79.7167968607 -0.439448816335 -79.6728515482 -0.461420793448 -79.6728515482 -0.461420793448 -79.650878892 -0.549307991014 -79.650878892 -0.549307991014 -79.6289062357 -0.57127959653 -79.6289062357 -0.57127959653 -79.6069335795 -0.703107352311 -79.6069335795 -0.703107352311 -79.6289062357 -0.769019877984 -79.6289062357 -0.769019877984 -79.650878892 -0.790990498012 -79.650878892 -0.790990498012 -79.6948242045 -0.747049144871 -79.6948242045 -0.747049144871 -79.7167968607 -0.725078301903 -79.7167968607 -0.725078301903 -79.7827148295 -0.681136299323 -79.7827148295 -0.681136299323 -79.826660142 -0.659165146171 -79.826660142 -0.659165146171 -79.8486327982 -0.681136299323 -79.8486327982 -0.681136299323 -79.8706054544 -0.790990498012 -79.8706054544 -0.790990498012 -79.8925781107 -0.834931385893 -79.8925781107 -0.834931385893 -79.9584960794 -0.856901647286 -79.9584960794");
);
out meta;



[timeout:36000][out:json][maxsize:10073741824][diff:"2016-04-28T11:00:00Z","2016-04-28T21:00:00Z"];
(
way["building"="yes"](poly:"-0.856901647286 -80.1123046731 -0.834931385893 -80.1123046731 -0.834931385893 -80.2001952981 -0.790990498012 -80.2001952981 -0.790990498012 -80.1782226419 -0.769019877984 -80.1782226419 -0.769019877984 -80.2441406106 -0.725078301903 -80.2441406106 -0.725078301903 -80.2880859231 -0.615222552297 -80.2880859231 -0.615222552297 -80.2221679544 -0.461420793448 -80.2221679544 -0.461420793448 -80.2001952981 -0.439448816335 -80.2001952981 -0.439448816335 -80.1123046731 -0.395504671461 -80.1123046731 -0.395504671461 -80.1342773294 -0.351560293929 -80.1342773294 -0.351560293929 -80.1123046731 -0.307615709589 -80.1123046731 -0.307615709589 -80.0903320169 -0.263670944289 -80.0903320169 -0.263670944289 -80.0683593607 -0.175780974216 -80.0683593607 -0.175780974216 -80.0463867044 -0.153808408989 -80.0463867044 -0.153808408989 -80.0024413919 -0.131835821143 -80.0024413919 -0.131835821143 -79.9804687357 -0.0659179541965 -79.9804687357 -0.0659179541965 -79.9584960794 -0.0439453081835 -79.9584960794 -0.0439453081835 -79.9365234232 -0.0219726557075 -79.9365234232 -0.0219726557075 -79.8706054544 0.0219726557075 -79.8706054544 0.0219726557075 -79.8046874857 -0.153808408989 -79.8046874857 -0.153808408989 -79.826660142 -0.175780974216 -79.826660142 -0.175780974216 -79.8706054544 -0.241698501858 -79.8706054544 -0.241698501858 -79.9365234232 -0.395504671461 -79.9365234232 -0.395504671461 -79.9584960794 -0.417476774596 -79.9584960794 -0.417476774596 -79.9804687357 -0.439448816335 -79.9804687357 -0.439448816335 -80.0024413919 -0.461420793448 -80.0024413919 -0.461420793448 -79.9365234232 -0.50536454087 -79.9365234232 -0.50536454087 -79.9145507669 -0.461420793448 -79.9145507669 -0.461420793448 -79.8706054544 -0.483392702703 -79.8706054544 -0.483392702703 -79.826660142 -0.50536454087 -79.826660142 -0.50536454087 -79.738769517 -0.461420793448 -79.738769517 -0.461420793448 -79.7167968607 -0.439448816335 -79.7167968607 -0.439448816335 -79.6728515482 -0.461420793448 -79.6728515482 -0.461420793448 -79.650878892 -0.549307991014 -79.650878892 -0.549307991014 -79.6289062357 -0.57127959653 -79.6289062357 -0.57127959653 -79.6069335795 -0.703107352311 -79.6069335795 -0.703107352311 -79.6289062357 -0.769019877984 -79.6289062357 -0.769019877984 -79.650878892 -0.790990498012 -79.650878892 -0.790990498012 -79.6948242045 -0.747049144871 -79.6948242045 -0.747049144871 -79.7167968607 -0.725078301903 -79.7167968607 -0.725078301903 -79.7827148295 -0.681136299323 -79.7827148295 -0.681136299323 -79.826660142 -0.659165146171 -79.826660142 -0.659165146171 -79.8486327982 -0.681136299323 -79.8486327982 -0.681136299323 -79.8706054544 -0.790990498012 -79.8706054544 -0.790990498012 -79.8925781107 -0.834931385893 -79.8925781107 -0.834931385893 -79.9584960794 -0.856901647286 -79.9584960794");
);
out meta;

[timeout:36000][out:json][diff:"2016-04-28T11:00:00Z","2016-04-28T21:00:00Z"];
(
way["landuse"="residential"](poly:"-0.856901647286 -80.1123046731 -0.834931385893 -80.1123046731 -0.834931385893 -80.2001952981 -0.790990498012 -80.2001952981 -0.790990498012 -80.1782226419 -0.769019877984 -80.1782226419 -0.769019877984 -80.2441406106 -0.725078301903 -80.2441406106 -0.725078301903 -80.2880859231 -0.615222552297 -80.2880859231 -0.615222552297 -80.2221679544 -0.461420793448 -80.2221679544 -0.461420793448 -80.2001952981 -0.439448816335 -80.2001952981 -0.439448816335 -80.1123046731 -0.395504671461 -80.1123046731 -0.395504671461 -80.1342773294 -0.351560293929 -80.1342773294 -0.351560293929 -80.1123046731 -0.307615709589 -80.1123046731 -0.307615709589 -80.0903320169 -0.263670944289 -80.0903320169 -0.263670944289 -80.0683593607 -0.175780974216 -80.0683593607 -0.175780974216 -80.0463867044 -0.153808408989 -80.0463867044 -0.153808408989 -80.0024413919 -0.131835821143 -80.0024413919 -0.131835821143 -79.9804687357 -0.0659179541965 -79.9804687357 -0.0659179541965 -79.9584960794 -0.0439453081835 -79.9584960794 -0.0439453081835 -79.9365234232 -0.0219726557075 -79.9365234232 -0.0219726557075 -79.8706054544 0.0219726557075 -79.8706054544 0.0219726557075 -79.8046874857 -0.153808408989 -79.8046874857 -0.153808408989 -79.826660142 -0.175780974216 -79.826660142 -0.175780974216 -79.8706054544 -0.241698501858 -79.8706054544 -0.241698501858 -79.9365234232 -0.395504671461 -79.9365234232 -0.395504671461 -79.9584960794 -0.417476774596 -79.9584960794 -0.417476774596 -79.9804687357 -0.439448816335 -79.9804687357 -0.439448816335 -80.0024413919 -0.461420793448 -80.0024413919 -0.461420793448 -79.9365234232 -0.50536454087 -79.9365234232 -0.50536454087 -79.9145507669 -0.461420793448 -79.9145507669 -0.461420793448 -79.8706054544 -0.483392702703 -79.8706054544 -0.483392702703 -79.826660142 -0.50536454087 -79.826660142 -0.50536454087 -79.738769517 -0.461420793448 -79.738769517 -0.461420793448 -79.7167968607 -0.439448816335 -79.7167968607 -0.439448816335 -79.6728515482 -0.461420793448 -79.6728515482 -0.461420793448 -79.650878892 -0.549307991014 -79.650878892 -0.549307991014 -79.6289062357 -0.57127959653 -79.6289062357 -0.57127959653 -79.6069335795 -0.703107352311 -79.6069335795 -0.703107352311 -79.6289062357 -0.769019877984 -79.6289062357 -0.769019877984 -79.650878892 -0.790990498012 -79.650878892 -0.790990498012 -79.6948242045 -0.747049144871 -79.6948242045 -0.747049144871 -79.7167968607 -0.725078301903 -79.7167968607 -0.725078301903 -79.7827148295 -0.681136299323 -79.7827148295 -0.681136299323 -79.826660142 -0.659165146171 -79.826660142 -0.659165146171 -79.8486327982 -0.681136299323 -79.8486327982 -0.681136299323 -79.8706054544 -0.790990498012 -79.8706054544 -0.790990498012 -79.8925781107 -0.834931385893 -79.8925781107 -0.834931385893 -79.9584960794 -0.856901647286 -79.9584960794");
);
out meta;

// top
[timeout:36000][maxsize:5073741824][out:json][diff:"2016-04-28T11:00:00Z","2016-04-28T21:00:00Z"];
(
way["building"="yes"](poly:"-0.461420793448 -80.2001952981 -0.439448816335 -80.2001952981 -0.439448816335 -80.1123046731 -0.395504671461 -80.1123046731 -0.395504671461 -80.1342773294 -0.351560293929 -80.1342773294 -0.351560293929 -80.1123046731 -0.307615709589 -80.1123046731 -0.307615709589 -80.0903320169 -0.263670944289 -80.0903320169 -0.263670944289 -80.0683593607 -0.175780974216 -80.0683593607 -0.175780974216 -80.0463867044 -0.153808408989 -80.0463867044 -0.153808408989 -80.0024413919 -0.131835821143 -80.0024413919 -0.131835821143 -79.9804687357 -0.0659179541965 -79.9804687357 -0.0659179541965 -79.9584960794 -0.0439453081835 -79.9584960794 -0.0439453081835 -79.9365234232 -0.0219726557075 -79.9365234232 -0.0219726557075 -79.8706054544 0.0219726557075 -79.8706054544 0.0219726557075 -79.8046874857 -0.153808408989 -79.8046874857 -0.153808408989 -79.826660142 -0.175780974216 -79.826660142 -0.175780974216 -79.8706054544 -0.241698501858 -79.8706054544 -0.241698501858 -79.9365234232 -0.395504671461 -79.9365234232 -0.395504671461 -79.9584960794 -0.417476774596 -79.9584960794 -0.417476774596 -79.9804687357 -0.439448816335 -79.9804687357 -0.439448816335 -80.0024413919 -0.461420793448 -80.0024413919");
);
out meta;

// bottom
[timeout:36000][maxsize:5073741824][out:json][diff:"2016-04-28T11:00:00Z","2016-04-28T21:00:00Z"];
(
way["building"="yes"](poly:"-0.461420793448 -80.2001952981 -0.439448816335 -80.2001952981 -0.439448816335 -80.1123046731 -0.395504671461 -80.1123046731 -0.395504671461 -80.1342773294 -0.351560293929 -80.1342773294 -0.351560293929 -80.1123046731 -0.307615709589 -80.1123046731 -0.307615709589 -80.0903320169 -0.263670944289 -80.0903320169 -0.263670944289 -80.0683593607 -0.175780974216 -80.0683593607 -0.175780974216 -80.0463867044 -0.153808408989 -80.0463867044 -0.153808408989 -80.0024413919 -0.131835821143 -80.0024413919 -0.131835821143 -79.9804687357 -0.0659179541965 -79.9804687357 -0.0659179541965 -79.9584960794 -0.0439453081835 -79.9584960794 -0.0439453081835 -79.9365234232 -0.0219726557075 -79.9365234232 -0.0219726557075 -79.8706054544 0.0219726557075 -79.8706054544 0.0219726557075 -79.8046874857 -0.153808408989 -79.8046874857 -0.153808408989 -79.826660142 -0.175780974216 -79.826660142 -0.175780974216 -79.8706054544 -0.241698501858 -79.8706054544 -0.241698501858 -79.9365234232 -0.395504671461 -79.9365234232 -0.395504671461 -79.9584960794 -0.417476774596 -79.9584960794 -0.417476774596 -79.9804687357 -0.439448816335 -79.9804687357 -0.439448816335 -80.0024413919 -0.461420793448 -80.0024413919");
);
out meta;
