
PLEASE,	install	your own Overpass API instance if you plan to run these	queries, because they consume _a lot_ of memory and time resources. Installation instructions: http://overpass-api.de/full_installation.html. 

Get unclassified highways and their nodes on the worked area starting from the mapathon start time (21.9.2016 at 17:00 Finnish time) to end of the day (in Finnish time):
// In lat,lng pairs and without the last being same as the first
[out:json][diff:"2016-09-21T15:00:00Z","2016-09-21T22:00:00Z"];
(
way["highway"="unclassified"](poly:"-18.2293513352 27.5976562451 -18.1458517686 27.5976562451 -18.1458517686 27.3339843701 -18.0623123014 27.3339843701 -18.0623123014 27.0703124952 -17.9787330924 27.0703124952 -17.9787330924 26.9824218702 -17.8951143006 26.9824218702 -17.8951143006 27.0703124952 -17.7277586068 27.0703124952 -17.7277586068 27.1582031201 -17.6440220248 27.1582031201 -17.6440220248 27.2460937451 -17.5602465002 27.2460937451 -17.5602465002 27.3339843701 -17.4764321942 27.3339843701 -17.4764321942 27.4218749951 -17.392579268 27.4218749951 -17.392579268 27.5097656201 -17.3086878838 27.5097656201 -17.3086878838 27.5976562451 -17.1407903903 27.5976562451 -17.1407903903 27.773437495 -17.056784607 27.773437495 -17.056784607 27.86132812 -16.972741017 27.86132812 -16.972741017 28.03710937 -17.056784607 28.03710937 -17.056784607 28.124999995 -17.1407903903 28.124999995 -17.1407903903 28.2128906199 -17.3086878838 28.2128906199 -17.3086878838 28.3007812449 -17.6440220248 28.3007812449 -17.6440220248 28.2128906199 -17.8951143006 28.2128906199 -17.8951143006 28.124999995 -18.2293513352 28.124999995");
);
out body;
>;
out skel qt;

[out:json][diff:"2016-09-21T15:00:00Z","2016-09-21T22:00:00Z"];
(
way["highway"="unclassified"](poly:"-18.2293513352 27.5976562451 -18.1458517686 27.5976562451 -18.1458517686 27.3339843701 -18.0623123014 27.3339843701 -18.0623123014 27.0703124952 -17.9787330924 27.0703124952 -17.9787330924 26.9824218702 -17.8951143006 26.9824218702 -17.8951143006 27.0703124952 -17.7277586068 27.0703124952 -17.7277586068 27.1582031201 -17.6440220248 27.1582031201 -17.6440220248 27.2460937451 -17.5602465002 27.2460937451 -17.5602465002 27.3339843701 -17.4764321942 27.3339843701 -17.4764321942 27.4218749951 -17.392579268 27.4218749951 -17.392579268 27.5097656201 -17.3086878838 27.5097656201 -17.3086878838 27.5976562451 -17.1407903903 27.5976562451 -17.1407903903 27.773437495 -17.056784607 27.773437495 -17.056784607 27.86132812 -16.972741017 27.86132812 -16.972741017 28.03710937 -17.056784607 28.03710937 -17.056784607 28.124999995 -17.1407903903 28.124999995 -17.1407903903 28.2128906199 -17.3086878838 28.2128906199 -17.3086878838 28.3007812449 -17.6440220248 28.3007812449 -17.6440220248 28.2128906199 -17.8951143006 28.2128906199 -17.8951143006 28.124999995 -18.2293513352 28.124999995");
);
out meta;

[out:json][diff:"2016-09-21T15:00:00Z","2016-09-21T22:00:00Z"];
(
way["highway"="track"](poly:"-18.2293513352 27.5976562451 -18.1458517686 27.5976562451 -18.1458517686 27.3339843701 -18.0623123014 27.3339843701 -18.0623123014 27.0703124952 -17.9787330924 27.0703124952 -17.9787330924 26.9824218702 -17.8951143006 26.9824218702 -17.8951143006 27.0703124952 -17.7277586068 27.0703124952 -17.7277586068 27.1582031201 -17.6440220248 27.1582031201 -17.6440220248 27.2460937451 -17.5602465002 27.2460937451 -17.5602465002 27.3339843701 -17.4764321942 27.3339843701 -17.4764321942 27.4218749951 -17.392579268 27.4218749951 -17.392579268 27.5097656201 -17.3086878838 27.5097656201 -17.3086878838 27.5976562451 -17.1407903903 27.5976562451 -17.1407903903 27.773437495 -17.056784607 27.773437495 -17.056784607 27.86132812 -16.972741017 27.86132812 -16.972741017 28.03710937 -17.056784607 28.03710937 -17.056784607 28.124999995 -17.1407903903 28.124999995 -17.1407903903 28.2128906199 -17.3086878838 28.2128906199 -17.3086878838 28.3007812449 -17.6440220248 28.3007812449 -17.6440220248 28.2128906199 -17.8951143006 28.2128906199 -17.8951143006 28.124999995 -18.2293513352 28.124999995");
);
out body;
>;
out skel qt;

[out:json][diff:"2016-09-21T15:00:00Z","2016-09-21T22:00:00Z"];
(
way["highway"="track"](poly:"-18.2293513352 27.5976562451 -18.1458517686 27.5976562451 -18.1458517686 27.3339843701 -18.0623123014 27.3339843701 -18.0623123014 27.0703124952 -17.9787330924 27.0703124952 -17.9787330924 26.9824218702 -17.8951143006 26.9824218702 -17.8951143006 27.0703124952 -17.7277586068 27.0703124952 -17.7277586068 27.1582031201 -17.6440220248 27.1582031201 -17.6440220248 27.2460937451 -17.5602465002 27.2460937451 -17.5602465002 27.3339843701 -17.4764321942 27.3339843701 -17.4764321942 27.4218749951 -17.392579268 27.4218749951 -17.392579268 27.5097656201 -17.3086878838 27.5097656201 -17.3086878838 27.5976562451 -17.1407903903 27.5976562451 -17.1407903903 27.773437495 -17.056784607 27.773437495 -17.056784607 27.86132812 -16.972741017 27.86132812 -16.972741017 28.03710937 -17.056784607 28.03710937 -17.056784607 28.124999995 -17.1407903903 28.124999995 -17.1407903903 28.2128906199 -17.3086878838 28.2128906199 -17.3086878838 28.3007812449 -17.6440220248 28.3007812449 -17.6440220248 28.2128906199 -17.8951143006 28.2128906199 -17.8951143006 28.124999995 -18.2293513352 28.124999995");
);
out meta;


[out:json][diff:"2016-09-21T15:00:00Z","2016-09-21T22:00:00Z"];
(
way["highway"="path"](poly:"-18.2293513352 27.5976562451 -18.1458517686 27.5976562451 -18.1458517686 27.3339843701 -18.0623123014 27.3339843701 -18.0623123014 27.0703124952 -17.9787330924 27.0703124952 -17.9787330924 26.9824218702 -17.8951143006 26.9824218702 -17.8951143006 27.0703124952 -17.7277586068 27.0703124952 -17.7277586068 27.1582031201 -17.6440220248 27.1582031201 -17.6440220248 27.2460937451 -17.5602465002 27.2460937451 -17.5602465002 27.3339843701 -17.4764321942 27.3339843701 -17.4764321942 27.4218749951 -17.392579268 27.4218749951 -17.392579268 27.5097656201 -17.3086878838 27.5097656201 -17.3086878838 27.5976562451 -17.1407903903 27.5976562451 -17.1407903903 27.773437495 -17.056784607 27.773437495 -17.056784607 27.86132812 -16.972741017 27.86132812 -16.972741017 28.03710937 -17.056784607 28.03710937 -17.056784607 28.124999995 -17.1407903903 28.124999995 -17.1407903903 28.2128906199 -17.3086878838 28.2128906199 -17.3086878838 28.3007812449 -17.6440220248 28.3007812449 -17.6440220248 28.2128906199 -17.8951143006 28.2128906199 -17.8951143006 28.124999995 -18.2293513352 28.124999995");
);
out body;
>;
out skel qt;


[out:json][diff:"2016-09-21T15:00:00Z","2016-09-21T22:00:00Z"];
(
way["highway"="path"](poly:"-18.2293513352 27.5976562451 -18.1458517686 27.5976562451 -18.1458517686 27.3339843701 -18.0623123014 27.3339843701 -18.0623123014 27.0703124952 -17.9787330924 27.0703124952 -17.9787330924 26.9824218702 -17.8951143006 26.9824218702 -17.8951143006 27.0703124952 -17.7277586068 27.0703124952 -17.7277586068 27.1582031201 -17.6440220248 27.1582031201 -17.6440220248 27.2460937451 -17.5602465002 27.2460937451 -17.5602465002 27.3339843701 -17.4764321942 27.3339843701 -17.4764321942 27.4218749951 -17.392579268 27.4218749951 -17.392579268 27.5097656201 -17.3086878838 27.5097656201 -17.3086878838 27.5976562451 -17.1407903903 27.5976562451 -17.1407903903 27.773437495 -17.056784607 27.773437495 -17.056784607 27.86132812 -16.972741017 27.86132812 -16.972741017 28.03710937 -17.056784607 28.03710937 -17.056784607 28.124999995 -17.1407903903 28.124999995 -17.1407903903 28.2128906199 -17.3086878838 28.2128906199 -17.3086878838 28.3007812449 -17.6440220248 28.3007812449 -17.6440220248 28.2128906199 -17.8951143006 28.2128906199 -17.8951143006 28.124999995 -18.2293513352 28.124999995");
);
out meta;

[out:json][diff:"2016-09-21T15:00:00Z","2016-09-21T22:00:00Z"];
(
way["waterway"="stream"](poly:"-18.2293513352 27.5976562451 -18.1458517686 27.5976562451 -18.1458517686 27.3339843701 -18.0623123014 27.3339843701 -18.0623123014 27.0703124952 -17.9787330924 27.0703124952 -17.9787330924 26.9824218702 -17.8951143006 26.9824218702 -17.8951143006 27.0703124952 -17.7277586068 27.0703124952 -17.7277586068 27.1582031201 -17.6440220248 27.1582031201 -17.6440220248 27.2460937451 -17.5602465002 27.2460937451 -17.5602465002 27.3339843701 -17.4764321942 27.3339843701 -17.4764321942 27.4218749951 -17.392579268 27.4218749951 -17.392579268 27.5097656201 -17.3086878838 27.5097656201 -17.3086878838 27.5976562451 -17.1407903903 27.5976562451 -17.1407903903 27.773437495 -17.056784607 27.773437495 -17.056784607 27.86132812 -16.972741017 27.86132812 -16.972741017 28.03710937 -17.056784607 28.03710937 -17.056784607 28.124999995 -17.1407903903 28.124999995 -17.1407903903 28.2128906199 -17.3086878838 28.2128906199 -17.3086878838 28.3007812449 -17.6440220248 28.3007812449 -17.6440220248 28.2128906199 -17.8951143006 28.2128906199 -17.8951143006 28.124999995 -18.2293513352 28.124999995");
);
out body;
>;
out skel qt;

[out:json][diff:"2016-09-21T15:00:00Z","2016-09-21T22:00:00Z"];
(
way["waterway"="stream"](poly:"-18.2293513352 27.5976562451 -18.1458517686 27.5976562451 -18.1458517686 27.3339843701 -18.0623123014 27.3339843701 -18.0623123014 27.0703124952 -17.9787330924 27.0703124952 -17.9787330924 26.9824218702 -17.8951143006 26.9824218702 -17.8951143006 27.0703124952 -17.7277586068 27.0703124952 -17.7277586068 27.1582031201 -17.6440220248 27.1582031201 -17.6440220248 27.2460937451 -17.5602465002 27.2460937451 -17.5602465002 27.3339843701 -17.4764321942 27.3339843701 -17.4764321942 27.4218749951 -17.392579268 27.4218749951 -17.392579268 27.5097656201 -17.3086878838 27.5097656201 -17.3086878838 27.5976562451 -17.1407903903 27.5976562451 -17.1407903903 27.773437495 -17.056784607 27.773437495 -17.056784607 27.86132812 -16.972741017 27.86132812 -16.972741017 28.03710937 -17.056784607 28.03710937 -17.056784607 28.124999995 -17.1407903903 28.124999995 -17.1407903903 28.2128906199 -17.3086878838 28.2128906199 -17.3086878838 28.3007812449 -17.6440220248 28.3007812449 -17.6440220248 28.2128906199 -17.8951143006 28.2128906199 -17.8951143006 28.124999995 -18.2293513352 28.124999995");
);
out meta;

[out:json][diff:"2016-09-21T15:00:00Z","2016-09-21T22:00:00Z"];
(
way["waterway"="river"](poly:"-18.2293513352 27.5976562451 -18.1458517686 27.5976562451 -18.1458517686 27.3339843701 -18.0623123014 27.3339843701 -18.0623123014 27.0703124952 -17.9787330924 27.0703124952 -17.9787330924 26.9824218702 -17.8951143006 26.9824218702 -17.8951143006 27.0703124952 -17.7277586068 27.0703124952 -17.7277586068 27.1582031201 -17.6440220248 27.1582031201 -17.6440220248 27.2460937451 -17.5602465002 27.2460937451 -17.5602465002 27.3339843701 -17.4764321942 27.3339843701 -17.4764321942 27.4218749951 -17.392579268 27.4218749951 -17.392579268 27.5097656201 -17.3086878838 27.5097656201 -17.3086878838 27.5976562451 -17.1407903903 27.5976562451 -17.1407903903 27.773437495 -17.056784607 27.773437495 -17.056784607 27.86132812 -16.972741017 27.86132812 -16.972741017 28.03710937 -17.056784607 28.03710937 -17.056784607 28.124999995 -17.1407903903 28.124999995 -17.1407903903 28.2128906199 -17.3086878838 28.2128906199 -17.3086878838 28.3007812449 -17.6440220248 28.3007812449 -17.6440220248 28.2128906199 -17.8951143006 28.2128906199 -17.8951143006 28.124999995 -18.2293513352 28.124999995");
);
out body;
>;
out skel qt;

[out:json][diff:"2016-09-21T15:00:00Z","2016-09-21T22:00:00Z"];
(
way["waterway"="river"](poly:"-18.2293513352 27.5976562451 -18.1458517686 27.5976562451 -18.1458517686 27.3339843701 -18.0623123014 27.3339843701 -18.0623123014 27.0703124952 -17.9787330924 27.0703124952 -17.9787330924 26.9824218702 -17.8951143006 26.9824218702 -17.8951143006 27.0703124952 -17.7277586068 27.0703124952 -17.7277586068 27.1582031201 -17.6440220248 27.1582031201 -17.6440220248 27.2460937451 -17.5602465002 27.2460937451 -17.5602465002 27.3339843701 -17.4764321942 27.3339843701 -17.4764321942 27.4218749951 -17.392579268 27.4218749951 -17.392579268 27.5097656201 -17.3086878838 27.5097656201 -17.3086878838 27.5976562451 -17.1407903903 27.5976562451 -17.1407903903 27.773437495 -17.056784607 27.773437495 -17.056784607 27.86132812 -16.972741017 27.86132812 -16.972741017 28.03710937 -17.056784607 28.03710937 -17.056784607 28.124999995 -17.1407903903 28.124999995 -17.1407903903 28.2128906199 -17.3086878838 28.2128906199 -17.3086878838 28.3007812449 -17.6440220248 28.3007812449 -17.6440220248 28.2128906199 -17.8951143006 28.2128906199 -17.8951143006 28.124999995 -18.2293513352 28.124999995");
);
out meta;

[out:json][diff:"2016-09-21T15:00:00Z","2016-09-21T22:00:00Z"];
(
way["landuse"="residential"](poly:"-18.2293513352 27.5976562451 -18.1458517686 27.5976562451 -18.1458517686 27.3339843701 -18.0623123014 27.3339843701 -18.0623123014 27.0703124952 -17.9787330924 27.0703124952 -17.9787330924 26.9824218702 -17.8951143006 26.9824218702 -17.8951143006 27.0703124952 -17.7277586068 27.0703124952 -17.7277586068 27.1582031201 -17.6440220248 27.1582031201 -17.6440220248 27.2460937451 -17.5602465002 27.2460937451 -17.5602465002 27.3339843701 -17.4764321942 27.3339843701 -17.4764321942 27.4218749951 -17.392579268 27.4218749951 -17.392579268 27.5097656201 -17.3086878838 27.5097656201 -17.3086878838 27.5976562451 -17.1407903903 27.5976562451 -17.1407903903 27.773437495 -17.056784607 27.773437495 -17.056784607 27.86132812 -16.972741017 27.86132812 -16.972741017 28.03710937 -17.056784607 28.03710937 -17.056784607 28.124999995 -17.1407903903 28.124999995 -17.1407903903 28.2128906199 -17.3086878838 28.2128906199 -17.3086878838 28.3007812449 -17.6440220248 28.3007812449 -17.6440220248 28.2128906199 -17.8951143006 28.2128906199 -17.8951143006 28.124999995 -18.2293513352 28.124999995");
);
out body;
>;
out skel qt;

[out:json][diff:"2016-09-21T15:00:00Z","2016-09-21T22:00:00Z"];
(
way["landuse"="residential"](poly:"-18.2293513352 27.5976562451 -18.1458517686 27.5976562451 -18.1458517686 27.3339843701 -18.0623123014 27.3339843701 -18.0623123014 27.0703124952 -17.9787330924 27.0703124952 -17.9787330924 26.9824218702 -17.8951143006 26.9824218702 -17.8951143006 27.0703124952 -17.7277586068 27.0703124952 -17.7277586068 27.1582031201 -17.6440220248 27.1582031201 -17.6440220248 27.2460937451 -17.5602465002 27.2460937451 -17.5602465002 27.3339843701 -17.4764321942 27.3339843701 -17.4764321942 27.4218749951 -17.392579268 27.4218749951 -17.392579268 27.5097656201 -17.3086878838 27.5097656201 -17.3086878838 27.5976562451 -17.1407903903 27.5976562451 -17.1407903903 27.773437495 -17.056784607 27.773437495 -17.056784607 27.86132812 -16.972741017 27.86132812 -16.972741017 28.03710937 -17.056784607 28.03710937 -17.056784607 28.124999995 -17.1407903903 28.124999995 -17.1407903903 28.2128906199 -17.3086878838 28.2128906199 -17.3086878838 28.3007812449 -17.6440220248 28.3007812449 -17.6440220248 28.2128906199 -17.8951143006 28.2128906199 -17.8951143006 28.124999995 -18.2293513352 28.124999995");
);
out meta;


// Notice the 3600 second timeout for the query

[timeout:3600][out:json][diff:"2016-09-21T15:00:00Z","2016-09-21T22:00:00Z"];
(
way["building"="yes"](poly:"-18.2293513352 27.5976562451 -18.1458517686 27.5976562451 -18.1458517686 27.3339843701 -18.0623123014 27.3339843701 -18.0623123014 27.0703124952 -17.9787330924 27.0703124952 -17.9787330924 26.9824218702 -17.8951143006 26.9824218702 -17.8951143006 27.0703124952 -17.7277586068 27.0703124952 -17.7277586068 27.1582031201 -17.6440220248 27.1582031201 -17.6440220248 27.2460937451 -17.5602465002 27.2460937451 -17.5602465002 27.3339843701 -17.4764321942 27.3339843701 -17.4764321942 27.4218749951 -17.392579268 27.4218749951 -17.392579268 27.5097656201 -17.3086878838 27.5097656201 -17.3086878838 27.5976562451 -17.1407903903 27.5976562451 -17.1407903903 27.773437495 -17.056784607 27.773437495 -17.056784607 27.86132812 -16.972741017 27.86132812 -16.972741017 28.03710937 -17.056784607 28.03710937 -17.056784607 28.124999995 -17.1407903903 28.124999995 -17.1407903903 28.2128906199 -17.3086878838 28.2128906199 -17.3086878838 28.3007812449 -17.6440220248 28.3007812449 -17.6440220248 28.2128906199 -17.8951143006 28.2128906199 -17.8951143006 28.124999995 -18.2293513352 28.124999995");
);
out body;
>;
out skel qt;

To get with meta data (includes osm usernames) but without node locations:
[timeout:36000][out:json][diff:"2016-09-21T15:00:00Z","2016-09-21T22:00:00Z"];
(
way["building"="yes"](poly:"-18.2293513352 27.5976562451 -18.1458517686 27.5976562451 -18.1458517686 27.3339843701 -18.0623123014 27.3339843701 -18.0623123014 27.0703124952 -17.9787330924 27.0703124952 -17.9787330924 26.9824218702 -17.8951143006 26.9824218702 -17.8951143006 27.0703124952 -17.7277586068 27.0703124952 -17.7277586068 27.1582031201 -17.6440220248 27.1582031201 -17.6440220248 27.2460937451 -17.5602465002 27.2460937451 -17.5602465002 27.3339843701 -17.4764321942 27.3339843701 -17.4764321942 27.4218749951 -17.392579268 27.4218749951 -17.392579268 27.5097656201 -17.3086878838 27.5097656201 -17.3086878838 27.5976562451 -17.1407903903 27.5976562451 -17.1407903903 27.773437495 -17.056784607 27.773437495 -17.056784607 27.86132812 -16.972741017 27.86132812 -16.972741017 28.03710937 -17.056784607 28.03710937 -17.056784607 28.124999995 -17.1407903903 28.124999995 -17.1407903903 28.2128906199 -17.3086878838 28.2128906199 -17.3086878838 28.3007812449 -17.6440220248 28.3007812449 -17.6440220248 28.2128906199 -17.8951143006 28.2128906199 -17.8951143006 28.124999995 -18.2293513352 28.124999995");
);
out meta;

[out:json][diff:"2016-09-21T15:00:00Z","2016-09-21T22:00:00Z"];
(
way["waterway"="drystream"](poly:"-18.2293513352 27.5976562451 -18.1458517686 27.5976562451 -18.1458517686 27.3339843701 -18.0623123014 27.3339843701 -18.0623123014 27.0703124952 -17.9787330924 27.0703124952 -17.9787330924 26.9824218702 -17.8951143006 26.9824218702 -17.8951143006 27.0703124952 -17.7277586068 27.0703124952 -17.7277586068 27.1582031201 -17.6440220248 27.1582031201 -17.6440220248 27.2460937451 -17.5602465002 27.2460937451 -17.5602465002 27.3339843701 -17.4764321942 27.3339843701 -17.4764321942 27.4218749951 -17.392579268 27.4218749951 -17.392579268 27.5097656201 -17.3086878838 27.5097656201 -17.3086878838 27.5976562451 -17.1407903903 27.5976562451 -17.1407903903 27.773437495 -17.056784607 27.773437495 -17.056784607 27.86132812 -16.972741017 27.86132812 -16.972741017 28.03710937 -17.056784607 28.03710937 -17.056784607 28.124999995 -17.1407903903 28.124999995 -17.1407903903 28.2128906199 -17.3086878838 28.2128906199 -17.3086878838 28.3007812449 -17.6440220248 28.3007812449 -17.6440220248 28.2128906199 -17.8951143006 28.2128906199 -17.8951143006 28.124999995 -18.2293513352 28.124999995");
);
out body;
>;
out skel qt;

[out:json][diff:"2016-09-21T15:00:00Z","2016-09-21T22:00:00Z"];
(
way["waterway"="drystream"](poly:"-18.2293513352 27.5976562451 -18.1458517686 27.5976562451 -18.1458517686 27.3339843701 -18.0623123014 27.3339843701 -18.0623123014 27.0703124952 -17.9787330924 27.0703124952 -17.9787330924 26.9824218702 -17.8951143006 26.9824218702 -17.8951143006 27.0703124952 -17.7277586068 27.0703124952 -17.7277586068 27.1582031201 -17.6440220248 27.1582031201 -17.6440220248 27.2460937451 -17.5602465002 27.2460937451 -17.5602465002 27.3339843701 -17.4764321942 27.3339843701 -17.4764321942 27.4218749951 -17.392579268 27.4218749951 -17.392579268 27.5097656201 -17.3086878838 27.5097656201 -17.3086878838 27.5976562451 -17.1407903903 27.5976562451 -17.1407903903 27.773437495 -17.056784607 27.773437495 -17.056784607 27.86132812 -16.972741017 27.86132812 -16.972741017 28.03710937 -17.056784607 28.03710937 -17.056784607 28.124999995 -17.1407903903 28.124999995 -17.1407903903 28.2128906199 -17.3086878838 28.2128906199 -17.3086878838 28.3007812449 -17.6440220248 28.3007812449 -17.6440220248 28.2128906199 -17.8951143006 28.2128906199 -17.8951143006 28.124999995 -18.2293513352 28.124999995");
);
out meta;

[out:json][diff:"2016-09-21T15:00:00Z","2016-09-21T22:00:00Z"];
(
way["highway"="primary"](poly:"-18.2293513352 27.5976562451 -18.1458517686 27.5976562451 -18.1458517686 27.3339843701 -18.0623123014 27.3339843701 -18.0623123014 27.0703124952 -17.9787330924 27.0703124952 -17.9787330924 26.9824218702 -17.8951143006 26.9824218702 -17.8951143006 27.0703124952 -17.7277586068 27.0703124952 -17.7277586068 27.1582031201 -17.6440220248 27.1582031201 -17.6440220248 27.2460937451 -17.5602465002 27.2460937451 -17.5602465002 27.3339843701 -17.4764321942 27.3339843701 -17.4764321942 27.4218749951 -17.392579268 27.4218749951 -17.392579268 27.5097656201 -17.3086878838 27.5097656201 -17.3086878838 27.5976562451 -17.1407903903 27.5976562451 -17.1407903903 27.773437495 -17.056784607 27.773437495 -17.056784607 27.86132812 -16.972741017 27.86132812 -16.972741017 28.03710937 -17.056784607 28.03710937 -17.056784607 28.124999995 -17.1407903903 28.124999995 -17.1407903903 28.2128906199 -17.3086878838 28.2128906199 -17.3086878838 28.3007812449 -17.6440220248 28.3007812449 -17.6440220248 28.2128906199 -17.8951143006 28.2128906199 -17.8951143006 28.124999995 -18.2293513352 28.124999995");
);
out body;
>;
out skel qt;

[out:json][diff:"2016-09-21T15:00:00Z","2016-09-21T22:00:00Z"];
(
way["highway"="primary"](poly:"-18.2293513352 27.5976562451 -18.1458517686 27.5976562451 -18.1458517686 27.3339843701 -18.0623123014 27.3339843701 -18.0623123014 27.0703124952 -17.9787330924 27.0703124952 -17.9787330924 26.9824218702 -17.8951143006 26.9824218702 -17.8951143006 27.0703124952 -17.7277586068 27.0703124952 -17.7277586068 27.1582031201 -17.6440220248 27.1582031201 -17.6440220248 27.2460937451 -17.5602465002 27.2460937451 -17.5602465002 27.3339843701 -17.4764321942 27.3339843701 -17.4764321942 27.4218749951 -17.392579268 27.4218749951 -17.392579268 27.5097656201 -17.3086878838 27.5097656201 -17.3086878838 27.5976562451 -17.1407903903 27.5976562451 -17.1407903903 27.773437495 -17.056784607 27.773437495 -17.056784607 27.86132812 -16.972741017 27.86132812 -16.972741017 28.03710937 -17.056784607 28.03710937 -17.056784607 28.124999995 -17.1407903903 28.124999995 -17.1407903903 28.2128906199 -17.3086878838 28.2128906199 -17.3086878838 28.3007812449 -17.6440220248 28.3007812449 -17.6440220248 28.2128906199 -17.8951143006 28.2128906199 -17.8951143006 28.124999995 -18.2293513352 28.124999995");
);
out meta;

[out:json][diff:"2016-09-21T15:00:00Z","2016-09-21T22:00:00Z"];
(
way["highway"="secondary"](poly:"-18.2293513352 27.5976562451 -18.1458517686 27.5976562451 -18.1458517686 27.3339843701 -18.0623123014 27.3339843701 -18.0623123014 27.0703124952 -17.9787330924 27.0703124952 -17.9787330924 26.9824218702 -17.8951143006 26.9824218702 -17.8951143006 27.0703124952 -17.7277586068 27.0703124952 -17.7277586068 27.1582031201 -17.6440220248 27.1582031201 -17.6440220248 27.2460937451 -17.5602465002 27.2460937451 -17.5602465002 27.3339843701 -17.4764321942 27.3339843701 -17.4764321942 27.4218749951 -17.392579268 27.4218749951 -17.392579268 27.5097656201 -17.3086878838 27.5097656201 -17.3086878838 27.5976562451 -17.1407903903 27.5976562451 -17.1407903903 27.773437495 -17.056784607 27.773437495 -17.056784607 27.86132812 -16.972741017 27.86132812 -16.972741017 28.03710937 -17.056784607 28.03710937 -17.056784607 28.124999995 -17.1407903903 28.124999995 -17.1407903903 28.2128906199 -17.3086878838 28.2128906199 -17.3086878838 28.3007812449 -17.6440220248 28.3007812449 -17.6440220248 28.2128906199 -17.8951143006 28.2128906199 -17.8951143006 28.124999995 -18.2293513352 28.124999995");
);
out body;
>;
out skel qt;

[out:json][diff:"2016-09-21T15:00:00Z","2016-09-21T22:00:00Z"];
(
way["highway"="secondary"](poly:"-18.2293513352 27.5976562451 -18.1458517686 27.5976562451 -18.1458517686 27.3339843701 -18.0623123014 27.3339843701 -18.0623123014 27.0703124952 -17.9787330924 27.0703124952 -17.9787330924 26.9824218702 -17.8951143006 26.9824218702 -17.8951143006 27.0703124952 -17.7277586068 27.0703124952 -17.7277586068 27.1582031201 -17.6440220248 27.1582031201 -17.6440220248 27.2460937451 -17.5602465002 27.2460937451 -17.5602465002 27.3339843701 -17.4764321942 27.3339843701 -17.4764321942 27.4218749951 -17.392579268 27.4218749951 -17.392579268 27.5097656201 -17.3086878838 27.5097656201 -17.3086878838 27.5976562451 -17.1407903903 27.5976562451 -17.1407903903 27.773437495 -17.056784607 27.773437495 -17.056784607 27.86132812 -16.972741017 27.86132812 -16.972741017 28.03710937 -17.056784607 28.03710937 -17.056784607 28.124999995 -17.1407903903 28.124999995 -17.1407903903 28.2128906199 -17.3086878838 28.2128906199 -17.3086878838 28.3007812449 -17.6440220248 28.3007812449 -17.6440220248 28.2128906199 -17.8951143006 28.2128906199 -17.8951143006 28.124999995 -18.2293513352 28.124999995");
);
out meta;

[out:json][diff:"2016-09-21T15:00:00Z","2016-09-21T22:00:00Z"];
(
way["highway"="tertiary"](poly:"-18.2293513352 27.5976562451 -18.1458517686 27.5976562451 -18.1458517686 27.3339843701 -18.0623123014 27.3339843701 -18.0623123014 27.0703124952 -17.9787330924 27.0703124952 -17.9787330924 26.9824218702 -17.8951143006 26.9824218702 -17.8951143006 27.0703124952 -17.7277586068 27.0703124952 -17.7277586068 27.1582031201 -17.6440220248 27.1582031201 -17.6440220248 27.2460937451 -17.5602465002 27.2460937451 -17.5602465002 27.3339843701 -17.4764321942 27.3339843701 -17.4764321942 27.4218749951 -17.392579268 27.4218749951 -17.392579268 27.5097656201 -17.3086878838 27.5097656201 -17.3086878838 27.5976562451 -17.1407903903 27.5976562451 -17.1407903903 27.773437495 -17.056784607 27.773437495 -17.056784607 27.86132812 -16.972741017 27.86132812 -16.972741017 28.03710937 -17.056784607 28.03710937 -17.056784607 28.124999995 -17.1407903903 28.124999995 -17.1407903903 28.2128906199 -17.3086878838 28.2128906199 -17.3086878838 28.3007812449 -17.6440220248 28.3007812449 -17.6440220248 28.2128906199 -17.8951143006 28.2128906199 -17.8951143006 28.124999995 -18.2293513352 28.124999995");
);
out body;
>;
out skel qt;

[out:json][diff:"2016-09-21T15:00:00Z","2016-09-21T22:00:00Z"];
(
way["highway"="tertiary"](poly:"-18.2293513352 27.5976562451 -18.1458517686 27.5976562451 -18.1458517686 27.3339843701 -18.0623123014 27.3339843701 -18.0623123014 27.0703124952 -17.9787330924 27.0703124952 -17.9787330924 26.9824218702 -17.8951143006 26.9824218702 -17.8951143006 27.0703124952 -17.7277586068 27.0703124952 -17.7277586068 27.1582031201 -17.6440220248 27.1582031201 -17.6440220248 27.2460937451 -17.5602465002 27.2460937451 -17.5602465002 27.3339843701 -17.4764321942 27.3339843701 -17.4764321942 27.4218749951 -17.392579268 27.4218749951 -17.392579268 27.5097656201 -17.3086878838 27.5097656201 -17.3086878838 27.5976562451 -17.1407903903 27.5976562451 -17.1407903903 27.773437495 -17.056784607 27.773437495 -17.056784607 27.86132812 -16.972741017 27.86132812 -16.972741017 28.03710937 -17.056784607 28.03710937 -17.056784607 28.124999995 -17.1407903903 28.124999995 -17.1407903903 28.2128906199 -17.3086878838 28.2128906199 -17.3086878838 28.3007812449 -17.6440220248 28.3007812449 -17.6440220248 28.2128906199 -17.8951143006 28.2128906199 -17.8951143006 28.124999995 -18.2293513352 28.124999995");
);
out meta;

[out:json][diff:"2016-09-21T15:00:00Z","2016-09-21T22:00:00Z"];
(
way["highway"="residential"](poly:"-18.2293513352 27.5976562451 -18.1458517686 27.5976562451 -18.1458517686 27.3339843701 -18.0623123014 27.3339843701 -18.0623123014 27.0703124952 -17.9787330924 27.0703124952 -17.9787330924 26.9824218702 -17.8951143006 26.9824218702 -17.8951143006 27.0703124952 -17.7277586068 27.0703124952 -17.7277586068 27.1582031201 -17.6440220248 27.1582031201 -17.6440220248 27.2460937451 -17.5602465002 27.2460937451 -17.5602465002 27.3339843701 -17.4764321942 27.3339843701 -17.4764321942 27.4218749951 -17.392579268 27.4218749951 -17.392579268 27.5097656201 -17.3086878838 27.5097656201 -17.3086878838 27.5976562451 -17.1407903903 27.5976562451 -17.1407903903 27.773437495 -17.056784607 27.773437495 -17.056784607 27.86132812 -16.972741017 27.86132812 -16.972741017 28.03710937 -17.056784607 28.03710937 -17.056784607 28.124999995 -17.1407903903 28.124999995 -17.1407903903 28.2128906199 -17.3086878838 28.2128906199 -17.3086878838 28.3007812449 -17.6440220248 28.3007812449 -17.6440220248 28.2128906199 -17.8951143006 28.2128906199 -17.8951143006 28.124999995 -18.2293513352 28.124999995");
);
out body;
>;
out skel qt;

[out:json][diff:"2016-09-21T15:00:00Z","2016-09-21T22:00:00Z"];
(
way["highway"="residential"](poly:"-18.2293513352 27.5976562451 -18.1458517686 27.5976562451 -18.1458517686 27.3339843701 -18.0623123014 27.3339843701 -18.0623123014 27.0703124952 -17.9787330924 27.0703124952 -17.9787330924 26.9824218702 -17.8951143006 26.9824218702 -17.8951143006 27.0703124952 -17.7277586068 27.0703124952 -17.7277586068 27.1582031201 -17.6440220248 27.1582031201 -17.6440220248 27.2460937451 -17.5602465002 27.2460937451 -17.5602465002 27.3339843701 -17.4764321942 27.3339843701 -17.4764321942 27.4218749951 -17.392579268 27.4218749951 -17.392579268 27.5097656201 -17.3086878838 27.5097656201 -17.3086878838 27.5976562451 -17.1407903903 27.5976562451 -17.1407903903 27.773437495 -17.056784607 27.773437495 -17.056784607 27.86132812 -16.972741017 27.86132812 -16.972741017 28.03710937 -17.056784607 28.03710937 -17.056784607 28.124999995 -17.1407903903 28.124999995 -17.1407903903 28.2128906199 -17.3086878838 28.2128906199 -17.3086878838 28.3007812449 -17.6440220248 28.3007812449 -17.6440220248 28.2128906199 -17.8951143006 28.2128906199 -17.8951143006 28.124999995 -18.2293513352 28.124999995");
);
out meta;

[out:json][diff:"2016-09-21T15:00:00Z","2016-09-21T22:00:00Z"];
(
way["highway"="service"](poly:"-18.2293513352 27.5976562451 -18.1458517686 27.5976562451 -18.1458517686 27.3339843701 -18.0623123014 27.3339843701 -18.0623123014 27.0703124952 -17.9787330924 27.0703124952 -17.9787330924 26.9824218702 -17.8951143006 26.9824218702 -17.8951143006 27.0703124952 -17.7277586068 27.0703124952 -17.7277586068 27.1582031201 -17.6440220248 27.1582031201 -17.6440220248 27.2460937451 -17.5602465002 27.2460937451 -17.5602465002 27.3339843701 -17.4764321942 27.3339843701 -17.4764321942 27.4218749951 -17.392579268 27.4218749951 -17.392579268 27.5097656201 -17.3086878838 27.5097656201 -17.3086878838 27.5976562451 -17.1407903903 27.5976562451 -17.1407903903 27.773437495 -17.056784607 27.773437495 -17.056784607 27.86132812 -16.972741017 27.86132812 -16.972741017 28.03710937 -17.056784607 28.03710937 -17.056784607 28.124999995 -17.1407903903 28.124999995 -17.1407903903 28.2128906199 -17.3086878838 28.2128906199 -17.3086878838 28.3007812449 -17.6440220248 28.3007812449 -17.6440220248 28.2128906199 -17.8951143006 28.2128906199 -17.8951143006 28.124999995 -18.2293513352 28.124999995");
);
out body;
>;
out skel qt;

[out:json][diff:"2016-09-21T15:00:00Z","2016-09-21T22:00:00Z"];
(
way["highway"="service"](poly:"-18.2293513352 27.5976562451 -18.1458517686 27.5976562451 -18.1458517686 27.3339843701 -18.0623123014 27.3339843701 -18.0623123014 27.0703124952 -17.9787330924 27.0703124952 -17.9787330924 26.9824218702 -17.8951143006 26.9824218702 -17.8951143006 27.0703124952 -17.7277586068 27.0703124952 -17.7277586068 27.1582031201 -17.6440220248 27.1582031201 -17.6440220248 27.2460937451 -17.5602465002 27.2460937451 -17.5602465002 27.3339843701 -17.4764321942 27.3339843701 -17.4764321942 27.4218749951 -17.392579268 27.4218749951 -17.392579268 27.5097656201 -17.3086878838 27.5097656201 -17.3086878838 27.5976562451 -17.1407903903 27.5976562451 -17.1407903903 27.773437495 -17.056784607 27.773437495 -17.056784607 27.86132812 -16.972741017 27.86132812 -16.972741017 28.03710937 -17.056784607 28.03710937 -17.056784607 28.124999995 -17.1407903903 28.124999995 -17.1407903903 28.2128906199 -17.3086878838 28.2128906199 -17.3086878838 28.3007812449 -17.6440220248 28.3007812449 -17.6440220248 28.2128906199 -17.8951143006 28.2128906199 -17.8951143006 28.124999995 -18.2293513352 28.124999995");
);
out meta;
